function,dimension,run,checkpoint,error
F252013,10,0,0.01,"[399.807305292564, 0.5814225673675537]"
F252013,10,0,0.1,"[355.7980205996803, 5.770663261413574]"
F252013,10,0,0.2,"[315.78813143614684, 11.523293733596802]"
F252013,10,0,0.3,"[298.7357092576581, 17.399254083633423]"
F252013,10,0,0.4,"[298.7357092576581, 23.1554217338562]"
F252013,10,0,0.5,"[285.02388886722474, 28.916130542755127]"
F252013,10,0,0.6,"[279.03744852472664, 34.66652154922485]"
F252013,10,0,0.7,"[273.17928681434114, 40.42537999153137]"
F252013,10,0,0.8,"[266.1340187781377, 46.171324491500854]"
F252013,10,0,0.9,"[264.4598128899047, 51.91376352310181]"
F252013,10,0,1.0,"[264.4598128899047, 57.671245098114014]"
F252013,10,1,0.01,"[314.664481405169, 0.5806436538696289]"
F252013,10,1,0.1,"[306.37317386911695, 5.780492544174194]"
F252013,10,1,0.2,"[298.0916640915141, 11.547119379043579]"
F252013,10,1,0.3,"[298.0916640915141, 17.29726791381836]"
F252013,10,1,0.4,"[292.11053990636356, 23.05123257637024]"
F252013,10,1,0.5,"[287.61791894699627, 28.816373825073242]"
F252013,10,1,0.6,"[284.72819618689437, 34.58154296875]"
F252013,10,1,0.7,"[284.72819618689437, 40.351855754852295]"
F252013,10,1,0.8,"[284.72819618689437, 46.120320558547974]"
F252013,10,1,0.9,"[284.72819618689437, 51.88839912414551]"
F252013,10,1,1.0,"[284.72819618689437, 57.6611750125885]"
F252013,10,2,0.01,"[405.98911758175745, 0.5802581310272217]"
F252013,10,2,0.1,"[400.18073864416647, 5.768627166748047]"
F252013,10,2,0.2,"[395.00018937032064, 11.508614778518677]"
F252013,10,2,0.3,"[369.0031554518805, 17.24918842315674]"
F252013,10,2,0.4,"[327.55635404641, 22.98817729949951]"
F252013,10,2,0.5,"[295.10224574567474, 28.73316979408264]"
F252013,10,2,0.6,"[279.32438549864537, 34.47845506668091]"
F252013,10,2,0.7,"[265.4232083291238, 40.22897386550903]"
F252013,10,2,0.8,"[265.4232083291238, 45.980119705200195]"
F252013,10,2,0.9,"[265.4232083291238, 51.730841636657715]"
F252013,10,2,1.0,"[265.4232083291238, 57.482269525527954]"
F252013,10,3,0.01,"[279.7755518492172, 0.5775711536407471]"
F252013,10,3,0.1,"[278.7587099732218, 5.740352630615234]"
F252013,10,3,0.2,"[273.8767887686379, 11.46865963935852]"
F252013,10,3,0.3,"[267.74105857511586, 17.181645154953003]"
F252013,10,3,0.4,"[267.74105857511586, 22.897340297698975]"
F252013,10,3,0.5,"[267.74105857511586, 28.614710569381714]"
F252013,10,3,0.6,"[267.74105857511586, 34.325090408325195]"
F252013,10,3,0.7,"[267.74105857511586, 40.04345989227295]"
F252013,10,3,0.8,"[265.55289484406694, 45.758686780929565]"
F252013,10,3,0.9,"[264.08128827617793, 51.47364926338196]"
F252013,10,3,1.0,"[263.74505108431254, 57.18886709213257]"
F252013,10,4,0.01,"[395.72001038297253, 0.5773437023162842]"
F252013,10,4,0.1,"[332.75904250468784, 5.726452350616455]"
F252013,10,4,0.2,"[310.20350910668185, 11.449535131454468]"
F252013,10,4,0.3,"[302.36799886881545, 17.153456211090088]"
F252013,10,4,0.4,"[302.36799886881545, 22.88137412071228]"
F252013,10,4,0.5,"[302.36799886881545, 28.590587377548218]"
F252013,10,4,0.6,"[290.33534402838904, 34.31477689743042]"
F252013,10,4,0.7,"[290.33534402838904, 40.039254665374756]"
F252013,10,4,0.8,"[290.33534402838904, 45.74316763877869]"
F252013,10,4,0.9,"[290.33534402838904, 51.449843645095825]"
F252013,10,4,1.0,"[290.33534402838904, 57.16466951370239]"
F252013,10,5,0.01,"[282.7051784366761, 0.5806479454040527]"
F252013,10,5,0.1,"[282.4762271769996, 5.754010438919067]"
F252013,10,5,0.2,"[278.7892755903408, 11.491480827331543]"
F252013,10,5,0.3,"[272.7071436005647, 17.235018730163574]"
F252013,10,5,0.4,"[265.49391285616707, 22.974785327911377]"
F252013,10,5,0.5,"[261.6814036703163, 28.705122470855713]"
F252013,10,5,0.6,"[257.7623085216453, 34.44433116912842]"
F252013,10,5,0.7,"[249.34735861870217, 40.18737316131592]"
F252013,10,5,0.8,"[244.9056158566425, 45.92054629325867]"
F252013,10,5,0.9,"[244.9056158566425, 51.68298625946045]"
F252013,10,5,1.0,"[244.9056158566425, 57.44572973251343]"
F252013,10,6,0.01,"[342.83996654689213, 0.5776760578155518]"
F252013,10,6,0.1,"[342.78778652020947, 5.729381084442139]"
F252013,10,6,0.2,"[339.3204654802066, 11.434680700302124]"
F252013,10,6,0.3,"[327.57339105538585, 17.142693281173706]"
F252013,10,6,0.4,"[327.57339105538585, 22.86566472053528]"
F252013,10,6,0.5,"[327.57339105538585, 28.574858903884888]"
F252013,10,6,0.6,"[326.01252666760047, 34.28660726547241]"
F252013,10,6,0.7,"[302.33493399517215, 39.99627470970154]"
F252013,10,6,0.8,"[288.96630396458, 45.6893253326416]"
F252013,10,6,0.9,"[288.96630396458, 51.3787567615509]"
F252013,10,6,1.0,"[280.0051094547018, 57.07841944694519]"
F252013,10,7,0.01,"[255.7750629911052, 0.5801112651824951]"
F252013,10,7,0.1,"[246.2871347043506, 5.749186992645264]"
F252013,10,7,0.2,"[246.2871347043506, 11.491023778915405]"
F252013,10,7,0.3,"[246.2871347043506, 17.22655153274536]"
F252013,10,7,0.4,"[246.2871347043506, 22.96361517906189]"
F252013,10,7,0.5,"[246.2871347043506, 28.704139947891235]"
F252013,10,7,0.6,"[246.2871347043506, 34.44131350517273]"
F252013,10,7,0.7,"[246.2871347043506, 40.17760729789734]"
F252013,10,7,0.8,"[246.2871347043506, 45.91091704368591]"
F252013,10,7,0.9,"[246.2871347043506, 51.64475750923157]"
F252013,10,7,1.0,"[246.2871347043506, 57.381860971450806]"
F252013,10,8,0.01,"[458.9993902633605, 0.5791594982147217]"
F252013,10,8,0.1,"[392.41763003429924, 5.754257917404175]"
F252013,10,8,0.2,"[359.0783630465519, 11.487148761749268]"
F252013,10,8,0.3,"[359.0783630465519, 17.214966773986816]"
F252013,10,8,0.4,"[331.3586287507701, 22.95365285873413]"
F252013,10,8,0.5,"[331.3586287507701, 28.696468353271484]"
F252013,10,8,0.6,"[331.3586287507701, 34.429776668548584]"
F252013,10,8,0.7,"[316.34086101940375, 40.16339707374573]"
F252013,10,8,0.8,"[313.90976288420984, 45.89724349975586]"
F252013,10,8,0.9,"[305.7921088029518, 51.62214946746826]"
F252013,10,8,1.0,"[305.7921088029518, 57.35401773452759]"
F252013,10,9,0.01,"[333.401244231502, 0.5807669162750244]"
F252013,10,9,0.1,"[325.3318548715665, 5.764105558395386]"
F252013,10,9,0.2,"[325.3318548715665, 11.517719984054565]"
F252013,10,9,0.3,"[320.9638377914978, 17.256442546844482]"
F252013,10,9,0.4,"[312.8411179751706, 23.010587215423584]"
F252013,10,9,0.5,"[312.8411179751706, 28.76474952697754]"
F252013,10,9,0.6,"[312.44903618552166, 34.51375770568848]"
F252013,10,9,0.7,"[312.44903618552166, 40.26222491264343]"
F252013,10,9,0.8,"[312.44903618552166, 46.00322437286377]"
F252013,10,9,0.9,"[306.01610499309345, 51.748355865478516]"
F252013,10,9,1.0,"[290.38518180260394, 57.50490736961365]"
F252013,10,10,0.01,"[434.36422401961954, 0.5809714794158936]"
F252013,10,10,0.1,"[337.80518740948037, 5.765682935714722]"
F252013,10,10,0.2,"[303.4312944728031, 11.51698112487793]"
F252013,10,10,0.3,"[283.48931578866427, 17.271146535873413]"
F252013,10,10,0.4,"[283.48931578866427, 23.014329195022583]"
F252013,10,10,0.5,"[283.48931578866427, 28.74886727333069]"
F252013,10,10,0.6,"[280.52280551782496, 34.47827672958374]"
F252013,10,10,0.7,"[276.04295288079425, 40.222954511642456]"
F252013,10,10,0.8,"[276.04295288079425, 45.97026038169861]"
F252013,10,10,0.9,"[276.04295288079425, 51.72420835494995]"
F252013,10,10,1.0,"[276.04295288079425, 57.4730658531189]"
F252013,10,11,0.01,"[381.69417141615827, 0.5801818370819092]"
F252013,10,11,0.1,"[367.9343771749325, 5.754154920578003]"
F252013,10,11,0.2,"[367.9343771749325, 11.498578786849976]"
F252013,10,11,0.3,"[327.46856425959504, 17.224380254745483]"
F252013,10,11,0.4,"[312.12256969818395, 22.96591877937317]"
F252013,10,11,0.5,"[312.12256969818395, 28.706230401992798]"
F252013,10,11,0.6,"[312.12256969818395, 34.442033529281616]"
F252013,10,11,0.7,"[312.12256969818395, 40.18773126602173]"
F252013,10,11,0.8,"[312.12256969818395, 45.922295808792114]"
F252013,10,11,0.9,"[312.12256969818395, 51.6591432094574]"
F252013,10,11,1.0,"[311.8548785103201, 57.406046867370605]"
F252013,10,12,0.01,"[563.7489698517984, 0.5762865543365479]"
F252013,10,12,0.1,"[476.93930397899294, 5.725980997085571]"
F252013,10,12,0.2,"[392.4814160915089, 11.437320232391357]"
F252013,10,12,0.3,"[351.6680821167711, 17.14399480819702]"
F252013,10,12,0.4,"[311.6854418397552, 22.862741470336914]"
F252013,10,12,0.5,"[293.4332049882355, 28.572062492370605]"
F252013,10,12,0.6,"[293.4332049882355, 34.28261184692383]"
F252013,10,12,0.7,"[293.4332049882355, 39.99469780921936]"
F252013,10,12,0.8,"[288.03830585603873, 45.69762682914734]"
F252013,10,12,0.9,"[274.75306138836936, 51.406578540802]"
F252013,10,12,1.0,"[271.03351606781143, 57.128113746643066]"
F252013,10,13,0.01,"[310.53853711624333, 0.5745859146118164]"
F252013,10,13,0.1,"[302.8505656744403, 5.711691617965698]"
F252013,10,13,0.2,"[297.99080717684274, 11.421213388442993]"
F252013,10,13,0.3,"[263.4081384552501, 17.186944007873535]"
F252013,10,13,0.4,"[263.4081384552501, 22.89905595779419]"
F252013,10,13,0.5,"[263.4081384552501, 28.59751534461975]"
F252013,10,13,0.6,"[263.4081384552501, 34.31525897979736]"
F252013,10,13,0.7,"[263.4081384552501, 40.029215574264526]"
F252013,10,13,0.8,"[263.4081384552501, 45.73439836502075]"
F252013,10,13,0.9,"[263.4081384552501, 51.42805314064026]"
F252013,10,13,1.0,"[263.4081384552501, 57.14646792411804]"
F252013,10,14,0.01,"[291.76214240753916, 0.5778188705444336]"
F252013,10,14,0.1,"[274.74520977775546, 5.744231939315796]"
F252013,10,14,0.2,"[274.74520977775546, 11.470340251922607]"
F252013,10,14,0.3,"[274.74520977775546, 17.20169496536255]"
F252013,10,14,0.4,"[266.71566739209266, 22.93298602104187]"
F252013,10,14,0.5,"[262.7310652484275, 28.661556482315063]"
F252013,10,14,0.6,"[262.7310652484275, 34.38773488998413]"
F252013,10,14,0.7,"[262.7310652484275, 40.12445688247681]"
F252013,10,14,0.8,"[262.7310652484275, 45.85863709449768]"
F252013,10,14,0.9,"[262.7310652484275, 51.58324456214905]"
F252013,10,14,1.0,"[262.7310652484275, 57.32277011871338]"
F252013,10,15,0.01,"[290.7790043530358, 0.5821549892425537]"
F252013,10,15,0.1,"[287.5182318107636, 5.76879096031189]"
F252013,10,15,0.2,"[286.8830910625286, 11.52475643157959]"
F252013,10,15,0.3,"[286.8830910625286, 17.27548384666443]"
F252013,10,15,0.4,"[286.8830910625286, 23.026044130325317]"
F252013,10,15,0.5,"[286.8830910625286, 28.776734828948975]"
F252013,10,15,0.6,"[286.8830910625286, 34.535239696502686]"
F252013,10,15,0.7,"[286.8830910625286, 40.28398156166077]"
F252013,10,15,0.8,"[282.1120311132447, 46.03594374656677]"
F252013,10,15,0.9,"[282.1120311132447, 51.78956627845764]"
F252013,10,15,1.0,"[278.42941558099756, 57.53854441642761]"
F252013,10,16,0.01,"[360.61009108470694, 0.5728588104248047]"
F252013,10,16,0.1,"[348.8208288762189, 5.6882712841033936]"
F252013,10,16,0.2,"[315.99731033271564, 11.371126651763916]"
F252013,10,16,0.3,"[310.9470124574259, 17.042963981628418]"
F252013,10,16,0.4,"[304.4121341037203, 22.72231960296631]"
F252013,10,16,0.5,"[302.29927572902125, 28.397616863250732]"
F252013,10,16,0.6,"[296.6959386074004, 34.073076486587524]"
F252013,10,16,0.7,"[295.9181303603259, 39.74714112281799]"
F252013,10,16,0.8,"[278.27153436163235, 45.407105922698975]"
F252013,10,16,0.9,"[262.5193990600708, 51.08636474609375]"
F252013,10,16,1.0,"[250.83556532288185, 56.7765576839447]"
F252013,10,17,0.01,"[580.6227443802222, 0.5785818099975586]"
F252013,10,17,0.1,"[498.4589280369855, 5.763916969299316]"
F252013,10,17,0.2,"[405.13951183881954, 11.51374077796936]"
F252013,10,17,0.3,"[356.09009422010195, 17.257871627807617]"
F252013,10,17,0.4,"[336.92109406285863, 23.003252744674683]"
F252013,10,17,0.5,"[301.9647893910701, 28.74090266227722]"
F252013,10,17,0.6,"[296.3438712431396, 34.48042941093445]"
F252013,10,17,0.7,"[290.1473966502624, 40.22928023338318]"
F252013,10,17,0.8,"[284.5843478151528, 45.96912479400635]"
F252013,10,17,0.9,"[282.0315838861204, 51.69456887245178]"
F252013,10,17,1.0,"[278.9528940570599, 57.412888526916504]"
F252013,10,18,0.01,"[733.1140258580053, 0.5773341655731201]"
F252013,10,18,0.1,"[582.831243658773, 5.737379789352417]"
F252013,10,18,0.2,"[557.9154876689083, 11.45575737953186]"
F252013,10,18,0.3,"[482.51837890233287, 17.16644310951233]"
F252013,10,18,0.4,"[425.7710719622021, 22.870442628860474]"
F252013,10,18,0.5,"[425.7710719622021, 28.562833786010742]"
F252013,10,18,0.6,"[383.1454378030462, 34.276329040527344]"
F252013,10,18,0.7,"[383.1454378030462, 39.987428188323975]"
F252013,10,18,0.8,"[321.1089349444778, 45.6893413066864]"
F252013,10,18,0.9,"[321.1089349444778, 51.38906168937683]"
F252013,10,18,1.0,"[321.1089349444778, 57.09204649925232]"
F252013,10,19,0.01,"[492.46658174411436, 0.5854265689849854]"
F252013,10,19,0.1,"[372.3698873561475, 5.748346567153931]"
F252013,10,19,0.2,"[299.0139383259259, 11.463202953338623]"
F252013,10,19,0.3,"[250.947900481058, 17.187744140625]"
F252013,10,19,0.4,"[211.80170761239674, 22.924307584762573]"
F252013,10,19,0.5,"[210.45294470282215, 28.653703689575195]"
F252013,10,19,0.6,"[196.48889157327244, 34.39256572723389]"
F252013,10,19,0.7,"[190.78800889643026, 40.13016986846924]"
F252013,10,19,0.8,"[172.96271151979317, 45.84679365158081]"
F252013,10,19,0.9,"[172.96271151979317, 51.562901973724365]"
F252013,10,19,1.0,"[171.64451952189324, 57.28604865074158]"
F252013,10,20,0.01,"[816.3513745895957, 0.5779609680175781]"
F252013,10,20,0.1,"[597.0774021793586, 5.734896421432495]"
F252013,10,20,0.2,"[484.25584890074583, 11.453243017196655]"
F252013,10,20,0.3,"[430.2134515599771, 17.170836925506592]"
F252013,10,20,0.4,"[423.42594555844516, 22.894668340682983]"
F252013,10,20,0.5,"[389.84497253132076, 28.614713430404663]"
F252013,10,20,0.6,"[365.39129221548365, 34.33270335197449]"
F252013,10,20,0.7,"[350.9532503981436, 40.060524463653564]"
F252013,10,20,0.8,"[350.9532503981436, 45.778377532958984]"
F252013,10,20,0.9,"[350.9532503981436, 51.50377798080444]"
F252013,10,20,1.0,"[350.9532503981436, 57.23712873458862]"
F252013,10,21,0.01,"[605.3637826884528, 0.5788559913635254]"
F252013,10,21,0.1,"[496.63651020914745, 5.7311928272247314]"
F252013,10,21,0.2,"[426.02187367132547, 11.422340869903564]"
F252013,10,21,0.3,"[426.02187367132547, 17.11333918571472]"
F252013,10,21,0.4,"[424.9665491048688, 22.813290119171143]"
F252013,10,21,0.5,"[414.25041355168787, 28.512667179107666]"
F252013,10,21,0.6,"[299.1629182811969, 34.21084237098694]"
F252013,10,21,0.7,"[298.5956244089509, 39.91488242149353]"
F252013,10,21,0.8,"[270.97864116396113, 45.6264750957489]"
F252013,10,21,0.9,"[266.8309831679576, 51.334723234176636]"
F252013,10,21,1.0,"[266.8309831679576, 57.03326869010925]"
F252013,10,22,0.01,"[319.8551589759429, 0.5795941352844238]"
F252013,10,22,0.1,"[307.1646130914985, 5.75196385383606]"
F252013,10,22,0.2,"[307.1646130914985, 11.493856191635132]"
F252013,10,22,0.3,"[307.1646130914985, 17.23494791984558]"
F252013,10,22,0.4,"[296.14352959984376, 22.976917028427124]"
F252013,10,22,0.5,"[296.14352959984376, 28.723712682724]"
F252013,10,22,0.6,"[296.14352959984376, 34.46572828292847]"
F252013,10,22,0.7,"[296.14352959984376, 40.210267543792725]"
F252013,10,22,0.8,"[296.14352959984376, 45.9510223865509]"
F252013,10,22,0.9,"[296.14352959984376, 51.69711494445801]"
F252013,10,22,1.0,"[296.14352959984376, 57.44679307937622]"
F252013,10,23,0.01,"[335.44346734003625, 0.5801975727081299]"
F252013,10,23,0.1,"[306.3960991714205, 5.749147891998291]"
F252013,10,23,0.2,"[303.86071927236935, 11.48949384689331]"
F252013,10,23,0.3,"[298.799251680462, 17.21888828277588]"
F252013,10,23,0.4,"[296.6785712849312, 22.947574138641357]"
F252013,10,23,0.5,"[296.6785712849312, 28.68082356452942]"
F252013,10,23,0.6,"[296.6785712849312, 34.41171908378601]"
F252013,10,23,0.7,"[286.32883147171674, 40.141879081726074]"
F252013,10,23,0.8,"[282.6562704918899, 45.8792622089386]"
F252013,10,23,0.9,"[273.26635332837463, 51.61840772628784]"
F252013,10,23,1.0,"[273.26635332837463, 57.34835934638977]"
F252013,10,24,0.01,"[300.0561643954775, 0.5792880058288574]"
F252013,10,24,0.1,"[271.6916528959582, 5.759240388870239]"
F252013,10,24,0.2,"[266.3515678408219, 11.485060453414917]"
F252013,10,24,0.3,"[258.76236033632085, 17.204742193222046]"
F252013,10,24,0.4,"[241.56569057576598, 22.934946298599243]"
F252013,10,24,0.5,"[230.05582311524108, 28.66063380241394]"
F252013,10,24,0.6,"[228.5992565528511, 34.38526391983032]"
F252013,10,24,0.7,"[215.9692097725224, 40.11072659492493]"
F252013,10,24,0.8,"[205.0058110813643, 45.82855153083801]"
F252013,10,24,0.9,"[192.08794240304678, 51.557252168655396]"
F252013,10,24,1.0,"[189.91955045759482, 57.28318119049072]"
F252013,10,25,0.01,"[420.9226915454715, 0.5795214176177979]"
F252013,10,25,0.1,"[396.9016051593644, 5.74909782409668]"
F252013,10,25,0.2,"[344.8161326054619, 11.485778093338013]"
F252013,10,25,0.3,"[339.14839595616354, 17.21524930000305]"
F252013,10,25,0.4,"[332.3194315836572, 22.955942630767822]"
F252013,10,25,0.5,"[313.7515191508903, 28.694993019104004]"
F252013,10,25,0.6,"[301.74483779120305, 34.434773206710815]"
F252013,10,25,0.7,"[301.74483779120305, 40.180609703063965]"
F252013,10,25,0.8,"[301.74483779120305, 45.91867518424988]"
F252013,10,25,0.9,"[296.5810341433489, 51.65476632118225]"
F252013,10,25,1.0,"[288.6035163994884, 57.385507106781006]"
F252013,10,26,0.01,"[507.40529414726666, 0.5809664726257324]"
F252013,10,26,0.1,"[373.1187323769027, 5.75152325630188]"
F252013,10,26,0.2,"[371.1204321077337, 11.492412567138672]"
F252013,10,26,0.3,"[341.6452845665808, 17.230124473571777]"
F252013,10,26,0.4,"[297.6586662462746, 22.972304105758667]"
F252013,10,26,0.5,"[297.6586662462746, 28.704928636550903]"
F252013,10,26,0.6,"[266.0483504239721, 34.43683695793152]"
F252013,10,26,0.7,"[266.0483504239721, 40.15373206138611]"
F252013,10,26,0.8,"[266.0483504239721, 45.88779926300049]"
F252013,10,26,0.9,"[266.0483504239721, 51.62735891342163]"
F252013,10,26,1.0,"[266.0483504239721, 57.36157560348511]"
F252013,10,27,0.01,"[369.02304595331475, 0.5760178565979004]"
F252013,10,27,0.1,"[361.61450835451, 5.702770471572876]"
F252013,10,27,0.2,"[333.6194513607322, 11.39842963218689]"
F252013,10,27,0.3,"[322.5378182745776, 17.076496839523315]"
F252013,10,27,0.4,"[322.5378182745776, 22.760218143463135]"
F252013,10,27,0.5,"[322.5378182745776, 28.438421487808228]"
F252013,10,27,0.6,"[316.3877787604729, 34.113993406295776]"
F252013,10,27,0.7,"[313.07075550956733, 39.80250883102417]"
F252013,10,27,0.8,"[306.8745351216626, 45.48796892166138]"
F252013,10,27,0.9,"[293.99709701067354, 51.16970086097717]"
F252013,10,27,1.0,"[272.0080768182718, 56.83912396430969]"
F252013,10,28,0.01,"[559.7647300224764, 0.5788090229034424]"
F252013,10,28,0.1,"[482.77618169716243, 5.7394115924835205]"
F252013,10,28,0.2,"[417.5442628880355, 11.46291446685791]"
F252013,10,28,0.3,"[389.2458519690326, 17.185123205184937]"
F252013,10,28,0.4,"[346.72267885983183, 22.90670609474182]"
F252013,10,28,0.5,"[297.67680794526336, 28.623520374298096]"
F252013,10,28,0.6,"[282.593009478745, 34.34043335914612]"
F252013,10,28,0.7,"[281.9610762020691, 40.06116771697998]"
F252013,10,28,0.8,"[274.6332944298508, 45.774733543395996]"
F252013,10,28,0.9,"[274.6332944298508, 51.488521575927734]"
F252013,10,28,1.0,"[273.27895499162923, 57.201865673065186]"
F252013,10,29,0.01,"[534.4379531391824, 0.5793251991271973]"
F252013,10,29,0.1,"[473.57617930240076, 5.746323347091675]"
F252013,10,29,0.2,"[437.19691045394484, 11.483031511306763]"
F252013,10,29,0.3,"[345.44305765054764, 17.208935737609863]"
F252013,10,29,0.4,"[333.2741298165797, 22.95653510093689]"
F252013,10,29,0.5,"[325.9557350665182, 28.694605827331543]"
F252013,10,29,0.6,"[325.9557350665182, 34.42545127868652]"
F252013,10,29,0.7,"[325.9557350665182, 40.16123962402344]"
F252013,10,29,0.8,"[319.3362976004573, 45.886789083480835]"
F252013,10,29,0.9,"[319.3362976004573, 51.62051701545715]"
F252013,10,29,1.0,"[319.3362976004573, 57.3481559753418]"
F252013,10,30,0.01,"[386.5295767823616, 0.5795848369598389]"
F252013,10,30,0.1,"[341.5304447306571, 5.744574069976807]"
F252013,10,30,0.2,"[332.84639530497657, 11.473844766616821]"
F252013,10,30,0.3,"[311.09440138251284, 17.187926292419434]"
F252013,10,30,0.4,"[311.09440138251284, 22.910723447799683]"
F252013,10,30,0.5,"[297.746795661594, 28.643539905548096]"
F252013,10,30,0.6,"[287.96465991396167, 34.37146186828613]"
F252013,10,30,0.7,"[286.96162386717083, 40.10733485221863]"
F252013,10,30,0.8,"[282.81750802288457, 45.83384156227112]"
F252013,10,30,0.9,"[282.81750802288457, 51.56247663497925]"
F252013,10,30,1.0,"[270.80025313882834, 57.289551973342896]"
F252013,10,31,0.01,"[1102.3922573274817, 0.5783123970031738]"
F252013,10,31,0.1,"[642.2576447873573, 5.737381219863892]"
F252013,10,31,0.2,"[495.4575057526306, 11.457752466201782]"
F252013,10,31,0.3,"[414.2256432992683, 17.166913986206055]"
F252013,10,31,0.4,"[414.2256432992683, 22.90159296989441]"
F252013,10,31,0.5,"[345.37465524078266, 28.633280754089355]"
F252013,10,31,0.6,"[306.69356637520946, 34.36922001838684]"
F252013,10,31,0.7,"[303.75265491381197, 40.114890813827515]"
F252013,10,31,0.8,"[300.41613901728897, 45.848758697509766]"
F252013,10,31,0.9,"[289.72731684453447, 51.56906867027283]"
F252013,10,31,1.0,"[289.72731684453447, 57.28920316696167]"
F252013,10,32,0.01,"[339.637656410491, 0.6673104763031006]"
F252013,10,32,0.1,"[319.7000664099314, 6.581648588180542]"
F252013,10,32,0.2,"[314.32690092002304, 13.155513286590576]"
F252013,10,32,0.3,"[314.32690092002304, 19.723695993423462]"
F252013,10,32,0.4,"[314.32690092002304, 26.294833660125732]"
F252013,10,32,0.5,"[314.32690092002304, 32.862714767456055]"
F252013,10,32,0.6,"[314.32690092002304, 39.43223595619202]"
F252013,10,32,0.7,"[314.32690092002304, 46.00821781158447]"
F252013,10,32,0.8,"[305.10826599595794, 52.58281588554382]"
F252013,10,32,0.9,"[286.59051480863513, 59.148112773895264]"
F252013,10,32,1.0,"[286.59051480863513, 65.72039985656738]"
F252013,10,33,0.01,"[389.5807893418614, 0.5765738487243652]"
F252013,10,33,0.1,"[365.23539996671957, 5.735383987426758]"
F252013,10,33,0.2,"[341.53127913530443, 11.469616651535034]"
F252013,10,33,0.3,"[323.4918906142641, 17.20143699645996]"
F252013,10,33,0.4,"[323.4918906142641, 22.92520046234131]"
F252013,10,33,0.5,"[322.8910725935193, 28.66301703453064]"
F252013,10,33,0.6,"[321.7880777245289, 34.396859645843506]"
F252013,10,33,0.7,"[321.7880777245289, 40.13019371032715]"
F252013,10,33,0.8,"[321.7880777245289, 45.85495615005493]"
F252013,10,33,0.9,"[311.5973290264765, 51.59430527687073]"
F252013,10,33,1.0,"[300.69295562959974, 57.334230184555054]"
F252013,10,34,0.01,"[492.9510485771352, 0.5745091438293457]"
F252013,10,34,0.1,"[436.42365609783815, 5.715173959732056]"
F252013,10,34,0.2,"[411.49549236693974, 11.427162170410156]"
F252013,10,34,0.3,"[377.1919399797828, 17.13129472732544]"
F252013,10,34,0.4,"[370.7630713576059, 22.851404905319214]"
F252013,10,34,0.5,"[355.461162343207, 28.56158685684204]"
F252013,10,34,0.6,"[355.461162343207, 34.26066875457764]"
F252013,10,34,0.7,"[341.2061102017933, 39.9675018787384]"
F252013,10,34,0.8,"[327.8099732603423, 45.678210973739624]"
F252013,10,34,0.9,"[321.1625493068025, 51.387046337127686]"
F252013,10,34,1.0,"[312.3242235837256, 57.08503985404968]"
F252013,10,35,0.01,"[463.0002177908252, 0.5800573825836182]"
F252013,10,35,0.1,"[411.62772557293965, 5.758358478546143]"
F252013,10,35,0.2,"[367.52496502736585, 11.508946657180786]"
F252013,10,35,0.3,"[346.7704418562455, 17.248783826828003]"
F252013,10,35,0.4,"[328.3814863452619, 23.003071784973145]"
F252013,10,35,0.5,"[296.7381634810922, 28.752012014389038]"
F252013,10,35,0.6,"[293.1383440160703, 34.50269269943237]"
F252013,10,35,0.7,"[293.1383440160703, 40.25713276863098]"
F252013,10,35,0.8,"[293.1383440160703, 46.012643575668335]"
F252013,10,35,0.9,"[293.1383440160703, 51.76205134391785]"
F252013,10,35,1.0,"[293.1383440160703, 57.51517987251282]"
F252013,10,36,0.01,"[308.8964298230226, 0.5777301788330078]"
F252013,10,36,0.1,"[305.2192184004216, 5.739943981170654]"
F252013,10,36,0.2,"[297.530177498925, 11.470762968063354]"
F252013,10,36,0.3,"[292.38191109229797, 17.188398599624634]"
F252013,10,36,0.4,"[286.38120690241976, 22.91718864440918]"
F252013,10,36,0.5,"[286.38120690241976, 28.636648654937744]"
F252013,10,36,0.6,"[286.38120690241976, 34.35522532463074]"
F252013,10,36,0.7,"[286.38120690241976, 40.085795879364014]"
F252013,10,36,0.8,"[286.38120690241976, 45.81187176704407]"
F252013,10,36,0.9,"[286.38120690241976, 51.534472703933716]"
F252013,10,36,1.0,"[286.38120690241976, 57.260899782180786]"
F252013,10,37,0.01,"[303.82995636032706, 0.5752472877502441]"
F252013,10,37,0.1,"[301.5251994564276, 5.717123508453369]"
F252013,10,37,0.2,"[301.5251994564276, 11.422148704528809]"
F252013,10,37,0.3,"[301.5251994564276, 17.12715196609497]"
F252013,10,37,0.4,"[301.5251994564276, 22.835875034332275]"
F252013,10,37,0.5,"[301.5251994564276, 28.55286717414856]"
F252013,10,37,0.6,"[301.5251994564276, 34.2675359249115]"
F252013,10,37,0.7,"[301.5251994564276, 39.986592292785645]"
F252013,10,37,0.8,"[301.5251994564276, 45.70912718772888]"
F252013,10,37,0.9,"[291.6702895919857, 51.42502546310425]"
F252013,10,37,1.0,"[287.9079351535336, 57.13149356842041]"
F252013,10,38,0.01,"[293.6486600858925, 0.608159065246582]"
F252013,10,38,0.1,"[292.7238133223757, 5.721560955047607]"
F252013,10,38,0.2,"[292.7238133223757, 11.395040512084961]"
F252013,10,38,0.3,"[284.6681343751102, 17.061038494110107]"
F252013,10,38,0.4,"[284.6681343751102, 22.741170406341553]"
F252013,10,38,0.5,"[284.6681343751102, 28.407207250595093]"
F252013,10,38,0.6,"[271.10706697529804, 34.095324993133545]"
F252013,10,38,0.7,"[271.10706697529804, 39.78243708610535]"
F252013,10,38,0.8,"[271.10706697529804, 45.449533462524414]"
F252013,10,38,0.9,"[271.10706697529804, 51.11553192138672]"
F252013,10,38,1.0,"[271.10706697529804, 56.79137825965881]"
F252013,10,39,0.01,"[294.2901334903909, 0.5807802677154541]"
F252013,10,39,0.1,"[294.2901334903909, 5.767768859863281]"
F252013,10,39,0.2,"[294.2901334903909, 11.512506484985352]"
F252013,10,39,0.3,"[294.2901334903909, 17.26319646835327]"
F252013,10,39,0.4,"[294.2901334903909, 23.02935552597046]"
F252013,10,39,0.5,"[294.2901334903909, 28.784889221191406]"
F252013,10,39,0.6,"[294.2901334903909, 34.53634738922119]"
F252013,10,39,0.7,"[281.53381888354807, 40.29769325256348]"
F252013,10,39,0.8,"[281.53381888354807, 46.04566264152527]"
F252013,10,39,0.9,"[281.53381888354807, 51.794657945632935]"
F252013,10,39,1.0,"[281.53381888354807, 57.55567979812622]"
F252013,10,40,0.01,"[358.37365658570707, 0.5723507404327393]"
F252013,10,40,0.1,"[319.12114853539583, 5.68631649017334]"
F252013,10,40,0.2,"[309.6554959481434, 11.366601943969727]"
F252013,10,40,0.3,"[283.0322903591541, 17.051050901412964]"
F252013,10,40,0.4,"[283.0322903591541, 22.73904252052307]"
F252013,10,40,0.5,"[281.08606994532715, 28.418464422225952]"
F252013,10,40,0.6,"[276.66689899704625, 34.10998010635376]"
F252013,10,40,0.7,"[275.03371915431126, 39.797091245651245]"
F252013,10,40,0.8,"[272.03624874178604, 45.4828200340271]"
F252013,10,40,0.9,"[272.03624874178604, 51.158915758132935]"
F252013,10,40,1.0,"[272.03624874178604, 56.85511255264282]"
F252013,10,41,0.01,"[440.1003328264235, 0.5795352458953857]"
F252013,10,41,0.1,"[393.47670727171226, 5.744358777999878]"
F252013,10,41,0.2,"[365.8017558872102, 11.480589151382446]"
F252013,10,41,0.3,"[340.80742280779464, 17.216207265853882]"
F252013,10,41,0.4,"[335.7678937506246, 22.946565628051758]"
F252013,10,41,0.5,"[334.65637114720175, 28.682859420776367]"
F252013,10,41,0.6,"[308.3034328224139, 34.417803049087524]"
F252013,10,41,0.7,"[295.13135742541044, 40.16121172904968]"
F252013,10,41,0.8,"[295.13135742541044, 45.88526678085327]"
F252013,10,41,0.9,"[275.51845743818785, 51.61029934883118]"
F252013,10,41,1.0,"[273.5827141380796, 57.34224772453308]"
F252013,10,42,0.01,"[394.1350991692832, 0.5886745452880859]"
F252013,10,42,0.1,"[374.59067773248444, 5.72886848449707]"
F252013,10,42,0.2,"[374.59067773248444, 11.425254106521606]"
F252013,10,42,0.3,"[373.3196376301771, 17.10871934890747]"
F252013,10,42,0.4,"[339.9479033883599, 22.803874969482422]"
F252013,10,42,0.5,"[327.54281876340883, 28.492488622665405]"
F252013,10,42,0.6,"[320.1626805057979, 34.17471694946289]"
F252013,10,42,0.7,"[309.3045805375682, 39.876102447509766]"
F252013,10,42,0.8,"[309.3045805375682, 45.57478737831116]"
F252013,10,42,0.9,"[309.3045805375682, 51.26040482521057]"
F252013,10,42,1.0,"[309.3045805375682, 56.93789029121399]"
F252013,10,43,0.01,"[377.60336653823424, 0.5762295722961426]"
F252013,10,43,0.1,"[314.54332685912664, 5.7169508934021]"
F252013,10,43,0.2,"[275.53565933941763, 11.42596697807312]"
F252013,10,43,0.3,"[275.53565933941763, 17.12100911140442]"
F252013,10,43,0.4,"[275.53565933941763, 22.826274871826172]"
F252013,10,43,0.5,"[271.3568885205318, 28.52469778060913]"
F252013,10,43,0.6,"[257.06681925376233, 34.23163437843323]"
F252013,10,43,0.7,"[257.06681925376233, 39.938464641571045]"
F252013,10,43,0.8,"[257.06681925376233, 45.64260292053223]"
F252013,10,43,0.9,"[257.06681925376233, 51.35403251647949]"
F252013,10,43,1.0,"[257.06681925376233, 57.068912982940674]"
F252013,10,44,0.01,"[443.6608428859222, 0.5780985355377197]"
F252013,10,44,0.1,"[395.36218836636203, 5.7457709312438965]"
F252013,10,44,0.2,"[368.56568466762633, 11.483827352523804]"
F252013,10,44,0.3,"[366.6967316733062, 17.207489252090454]"
F252013,10,44,0.4,"[357.1245484225665, 22.92694115638733]"
F252013,10,44,0.5,"[334.87386747714845, 28.65219497680664]"
F252013,10,44,0.6,"[312.9340161035493, 34.38139581680298]"
F252013,10,44,0.7,"[292.7198448604977, 40.10951590538025]"
F252013,10,44,0.8,"[292.7198448604977, 45.83084321022034]"
F252013,10,44,0.9,"[292.7198448604977, 51.5513641834259]"
F252013,10,44,1.0,"[292.7198448604977, 57.26512622833252]"
F252013,10,45,0.01,"[322.2464320420206, 0.5754311084747314]"
F252013,10,45,0.1,"[309.55627958375385, 5.71352219581604]"
F252013,10,45,0.2,"[298.7046757817734, 11.389148712158203]"
F252013,10,45,0.3,"[279.79511266350164, 17.066220998764038]"
F252013,10,45,0.4,"[271.89520558652157, 22.73972511291504]"
F252013,10,45,0.5,"[271.89520558652157, 28.41983723640442]"
F252013,10,45,0.6,"[271.89520558652157, 34.10926389694214]"
F252013,10,45,0.7,"[271.89520558652157, 39.78814244270325]"
F252013,10,45,0.8,"[271.89520558652157, 45.46194553375244]"
F252013,10,45,0.9,"[271.89520558652157, 51.13018202781677]"
F252013,10,45,1.0,"[271.89520558652157, 56.81049180030823]"
F252013,10,46,0.01,"[437.89278137112456, 0.5722744464874268]"
F252013,10,46,0.1,"[393.57670647679583, 5.698195219039917]"
F252013,10,46,0.2,"[364.4757314216836, 11.391672372817993]"
F252013,10,46,0.3,"[363.6639760212156, 17.09239101409912]"
F252013,10,46,0.4,"[363.6639760212156, 22.805052518844604]"
F252013,10,46,0.5,"[363.6639760212156, 28.512051582336426]"
F252013,10,46,0.6,"[360.45780358310867, 34.22300744056702]"
F252013,10,46,0.7,"[331.7438041357193, 39.9377498626709]"
F252013,10,46,0.8,"[331.7438041357193, 45.65837860107422]"
F252013,10,46,0.9,"[331.7438041357193, 51.35779857635498]"
F252013,10,46,1.0,"[331.7438041357193, 57.08508062362671]"
F252013,10,47,0.01,"[351.629954498384, 0.59228515625]"
F252013,10,47,0.1,"[351.629954498384, 5.754716634750366]"
F252013,10,47,0.2,"[350.7161587624664, 11.496138095855713]"
F252013,10,47,0.3,"[336.929839496672, 17.221320152282715]"
F252013,10,47,0.4,"[332.61805054099796, 22.961116075515747]"
F252013,10,47,0.5,"[320.99364608515316, 28.684622287750244]"
F252013,10,47,0.6,"[294.8765579802034, 34.406473875045776]"
F252013,10,47,0.7,"[264.6137407813619, 40.14460110664368]"
F252013,10,47,0.8,"[264.6137407813619, 45.88092613220215]"
F252013,10,47,0.9,"[264.6137407813619, 51.61455488204956]"
F252013,10,47,1.0,"[264.6137407813619, 57.33945989608765]"
F252013,10,48,0.01,"[331.08804734727255, 0.579679012298584]"
F252013,10,48,0.1,"[315.0783645036579, 5.764906644821167]"
F252013,10,48,0.2,"[315.0783645036579, 11.514698028564453]"
F252013,10,48,0.3,"[302.23699396032043, 17.271318674087524]"
F252013,10,48,0.4,"[302.23699396032043, 23.042882680892944]"
F252013,10,48,0.5,"[302.23699396032043, 28.81735372543335]"
F252013,10,48,0.6,"[302.23699396032043, 34.58734083175659]"
F252013,10,48,0.7,"[302.23699396032043, 40.33687949180603]"
F252013,10,48,0.8,"[302.23699396032043, 46.09678316116333]"
F252013,10,48,0.9,"[302.23699396032043, 51.85824704170227]"
F252013,10,48,1.0,"[302.23699396032043, 57.61772012710571]"
F252013,10,49,0.01,"[296.6636503656375, 0.5740618705749512]"
F252013,10,49,0.1,"[285.31157820638236, 5.700071811676025]"
F252013,10,49,0.2,"[283.4093792962217, 11.394342184066772]"
F252013,10,49,0.3,"[265.26634808089966, 17.08524775505066]"
F252013,10,49,0.4,"[265.26634808089966, 22.793315887451172]"
F252013,10,49,0.5,"[265.26634808089966, 28.486552476882935]"
F252013,10,49,0.6,"[265.26634808089966, 34.18585419654846]"
F252013,10,49,0.7,"[265.26634808089966, 39.89892244338989]"
F252013,10,49,0.8,"[265.26634808089966, 45.59230160713196]"
F252013,10,49,0.9,"[265.26634808089966, 51.284196853637695]"
F252013,10,49,1.0,"[265.26634808089966, 56.99334383010864]"
F252013,10,50,0.01,"[435.90127609167394, 0.5763294696807861]"
F252013,10,50,0.1,"[389.63270174461286, 5.725592136383057]"
F252013,10,50,0.2,"[375.18203464620706, 11.450919151306152]"
F252013,10,50,0.3,"[318.81361644520507, 17.1829993724823]"
F252013,10,50,0.4,"[309.9015853579049, 22.93222427368164]"
F252013,10,50,0.5,"[309.83731222280403, 28.66519284248352]"
F252013,10,50,0.6,"[309.83731222280403, 34.396947622299194]"
F252013,10,50,0.7,"[289.4045415571927, 40.140870094299316]"
F252013,10,50,0.8,"[276.0677832518752, 45.8679313659668]"
F252013,10,50,0.9,"[275.71722293369794, 51.590052366256714]"
F252013,10,50,1.0,"[268.45867370128735, 57.34070086479187]"
F252013,30,0,0.01,"[612.6341174553049, 2.827481746673584]"
F252013,30,0,0.1,"[593.3012398450969, 28.17071294784546]"
F252013,30,0,0.2,"[593.3012398450969, 56.21828556060791]"
F252013,30,0,0.3,"[583.6493675735378, 84.44424057006836]"
F252013,30,0,0.4,"[570.7702994159456, 112.40486598014832]"
F252013,30,0,0.5,"[542.1554747792288, 140.34955406188965]"
F252013,30,0,0.6,"[541.8875085160389, 168.2840645313263]"
F252013,30,0,0.7,"[541.8875085160389, 196.25876092910767]"
F252013,30,0,0.8,"[541.8875085160389, 224.3207483291626]"
F252013,30,0,0.9,"[531.8452882305867, 252.32441973686218]"
F252013,30,0,1.0,"[525.3022450945082, 280.28124475479126]"
F252013,30,1,0.01,"[675.4463113960489, 2.8176465034484863]"
F252013,30,1,0.1,"[582.3827804185457, 28.093690633773804]"
F252013,30,1,0.2,"[563.849133886124, 56.16544985771179]"
F252013,30,1,0.3,"[554.1228016654663, 84.22772216796875]"
F252013,30,1,0.4,"[510.8139586475759, 112.23923587799072]"
F252013,30,1,0.5,"[498.1953406905982, 140.28273177146912]"
F252013,30,1,0.6,"[496.00084753130886, 168.34164476394653]"
F252013,30,1,0.7,"[496.00084753130886, 196.43640065193176]"
F252013,30,1,0.8,"[496.00084753130886, 224.5029308795929]"
F252013,30,1,0.9,"[496.00084753130886, 252.5933482646942]"
F252013,30,1,1.0,"[490.8391294299415, 280.60833621025085]"
F252013,30,2,0.01,"[600.0948066913488, 2.8143320083618164]"
F252013,30,2,0.1,"[594.968292085342, 28.060866117477417]"
F252013,30,2,0.2,"[594.968292085342, 56.08998942375183]"
F252013,30,2,0.3,"[594.968292085342, 84.10898780822754]"
F252013,30,2,0.4,"[592.830603024096, 112.18379640579224]"
F252013,30,2,0.5,"[582.2762061331114, 140.34543633460999]"
F252013,30,2,0.6,"[558.7229156481817, 168.4233639240265]"
F252013,30,2,0.7,"[529.2355902717454, 196.59131360054016]"
F252013,30,2,0.8,"[525.5088694344377, 224.7147479057312]"
F252013,30,2,0.9,"[509.0872814871873, 252.88552904129028]"
F252013,30,2,1.0,"[494.6570521549436, 281.04233288764954]"
F252013,30,3,0.01,"[920.2647451728008, 2.8199188709259033]"
F252013,30,3,0.1,"[836.4044443609466, 28.05770492553711]"
F252013,30,3,0.2,"[764.1126180638357, 56.08848190307617]"
F252013,30,3,0.3,"[624.3099754863802, 84.12689352035522]"
F252013,30,3,0.4,"[557.6117583858395, 112.13157248497009]"
F252013,30,3,0.5,"[538.0080876489051, 140.14774584770203]"
F252013,30,3,0.6,"[538.0080876489051, 168.14112257957458]"
F252013,30,3,0.7,"[498.50329434782407, 196.1662359237671]"
F252013,30,3,0.8,"[498.50329434782407, 224.19821047782898]"
F252013,30,3,0.9,"[488.35576844508523, 252.26565980911255]"
F252013,30,3,1.0,"[488.35576844508523, 280.2931764125824]"
F252013,30,4,0.01,"[1051.2169027126056, 2.8231377601623535]"
F252013,30,4,0.1,"[814.896790940189, 28.097742080688477]"
F252013,30,4,0.2,"[772.5682554893413, 56.08013343811035]"
F252013,30,4,0.3,"[768.838305318307, 84.04781770706177]"
F252013,30,4,0.4,"[684.3349211780812, 112.04077339172363]"
F252013,30,4,0.5,"[662.1206351273106, 140.03529024124146]"
F252013,30,4,0.6,"[643.5549999493774, 168.02862119674683]"
F252013,30,4,0.7,"[642.9616618366888, 196.0593922138214]"
F252013,30,4,0.8,"[590.7415752011418, 224.09905433654785]"
F252013,30,4,0.9,"[574.591219063366, 252.14588928222656]"
F252013,30,4,1.0,"[574.591219063366, 280.18635392189026]"
F252013,30,5,0.01,"[520.2283462427004, 2.815586805343628]"
F252013,30,5,0.1,"[511.62531534947243, 28.06492280960083]"
F252013,30,5,0.2,"[479.26117861411876, 56.12533950805664]"
F252013,30,5,0.3,"[478.4797189278361, 84.24580955505371]"
F252013,30,5,0.4,"[434.70634605328314, 112.28015804290771]"
F252013,30,5,0.5,"[421.41756489860063, 140.34639358520508]"
F252013,30,5,0.6,"[404.09334426126065, 168.4006326198578]"
F252013,30,5,0.7,"[404.09334426126065, 196.46788120269775]"
F252013,30,5,0.8,"[404.09334426126065, 224.53527808189392]"
F252013,30,5,0.9,"[404.09334426126065, 252.60841178894043]"
F252013,30,5,1.0,"[404.09334426126065, 280.64403915405273]"
F252013,30,6,0.01,"[580.6667153217825, 2.8210136890411377]"
F252013,30,6,0.1,"[562.8084461924543, 28.13692331314087]"
F252013,30,6,0.2,"[533.5466318538126, 56.204521894454956]"
F252013,30,6,0.3,"[485.3674375147673, 84.28823280334473]"
F252013,30,6,0.4,"[475.4184981240676, 112.44118404388428]"
F252013,30,6,0.5,"[454.41071098770635, 140.63119840621948]"
F252013,30,6,0.6,"[440.4172632669147, 168.7647705078125]"
F252013,30,6,0.7,"[427.4576544643187, 196.94462156295776]"
F252013,30,6,0.8,"[421.7877596735095, 225.06699872016907]"
F252013,30,6,0.9,"[421.7877596735095, 253.255122423172]"
F252013,30,6,1.0,"[421.7877596735095, 281.3636472225189]"
F252013,30,7,0.01,"[1679.920963652387, 2.8158979415893555]"
F252013,30,7,0.1,"[1247.0288834067374, 28.06499409675598]"
F252013,30,7,0.2,"[1031.7912861546993, 56.10885405540466]"
F252013,30,7,0.3,"[839.25266782379, 84.16569447517395]"
F252013,30,7,0.4,"[648.3210173700281, 112.15417718887329]"
F252013,30,7,0.5,"[538.430933453019, 140.17457723617554]"
F252013,30,7,0.6,"[495.147221761285, 168.1424684524536]"
F252013,30,7,0.7,"[475.72817544228883, 196.23537731170654]"
F252013,30,7,0.8,"[466.7074097705897, 224.34912705421448]"
F252013,30,7,0.9,"[466.7074097705897, 252.48494005203247]"
F252013,30,7,1.0,"[466.7074097705897, 280.63061809539795]"
F252013,30,8,0.01,"[695.5531181797683, 2.8112080097198486]"
F252013,30,8,0.1,"[631.7101612059573, 27.95864486694336]"
F252013,30,8,0.2,"[560.5632509773907, 55.93345832824707]"
F252013,30,8,0.3,"[560.5632509773907, 83.96374773979187]"
F252013,30,8,0.4,"[553.1795589810904, 111.9025251865387]"
F252013,30,8,0.5,"[489.3875652154277, 139.847962141037]"
F252013,30,8,0.6,"[470.3492008422636, 167.78062319755554]"
F252013,30,8,0.7,"[456.2384549069957, 195.7556357383728]"
F252013,30,8,0.8,"[451.12135289683215, 223.7701735496521]"
F252013,30,8,0.9,"[451.12135289683215, 251.8219518661499]"
F252013,30,8,1.0,"[451.12135289683215, 279.8252193927765]"
F252013,30,9,0.01,"[914.4769830511732, 2.8066492080688477]"
F252013,30,9,0.1,"[873.9685681863748, 27.95359516143799]"
F252013,30,9,0.2,"[740.3276311766581, 55.8793511390686]"
F252013,30,9,0.3,"[630.189827907536, 83.78327226638794]"
F252013,30,9,0.4,"[630.189827907536, 111.64075350761414]"
F252013,30,9,0.5,"[630.189827907536, 139.5290403366089]"
F252013,30,9,0.6,"[630.189827907536, 167.40130281448364]"
F252013,30,9,0.7,"[630.189827907536, 195.39530682563782]"
F252013,30,9,0.8,"[630.189827907536, 223.3653106689453]"
F252013,30,9,0.9,"[630.189827907536, 251.40557742118835]"
F252013,30,9,1.0,"[630.189827907536, 279.3810787200928]"
F252013,30,10,0.01,"[708.0300230277971, 2.81986141204834]"
F252013,30,10,0.1,"[656.564884848216, 28.136412143707275]"
F252013,30,10,0.2,"[616.507507689048, 56.1920006275177]"
F252013,30,10,0.3,"[564.0582203313384, 84.32312083244324]"
F252013,30,10,0.4,"[564.0582203313384, 112.39312887191772]"
F252013,30,10,0.5,"[564.0582203313384, 140.4790244102478]"
F252013,30,10,0.6,"[564.0582203313384, 168.54003810882568]"
F252013,30,10,0.7,"[554.242265316816, 196.71175456047058]"
F252013,30,10,0.8,"[538.6982261494352, 224.86774730682373]"
F252013,30,10,0.9,"[536.4711675832323, 253.0286886692047]"
F252013,30,10,1.0,"[531.3861147726616, 281.1672613620758]"
F252013,30,11,0.01,"[534.5660700613632, 2.820697784423828]"
F252013,30,11,0.1,"[514.7206369947792, 28.091603755950928]"
F252013,30,11,0.2,"[492.391918043596, 56.198010206222534]"
F252013,30,11,0.3,"[492.391918043596, 84.26739048957825]"
F252013,30,11,0.4,"[486.18655688941476, 112.33596134185791]"
F252013,30,11,0.5,"[483.6150185621236, 140.44844508171082]"
F252013,30,11,0.6,"[483.6150185621236, 168.5360426902771]"
F252013,30,11,0.7,"[483.6150185621236, 196.66348457336426]"
F252013,30,11,0.8,"[483.6150185621236, 224.80432510375977]"
F252013,30,11,0.9,"[459.75356420252183, 252.97092032432556]"
F252013,30,11,1.0,"[459.75356420252183, 281.06502962112427]"
F252013,30,12,0.01,"[534.8445114139442, 2.8185112476348877]"
F252013,30,12,0.1,"[511.1195909369694, 28.094173669815063]"
F252013,30,12,0.2,"[498.8166874321837, 56.165958642959595]"
F252013,30,12,0.3,"[493.30326332098934, 84.29123568534851]"
F252013,30,12,0.4,"[490.05706711486573, 112.33346652984619]"
F252013,30,12,0.5,"[487.657554472142, 140.3641722202301]"
F252013,30,12,0.6,"[487.657554472142, 168.42937517166138]"
F252013,30,12,0.7,"[450.20148867584044, 196.51781582832336]"
F252013,30,12,0.8,"[449.29917146770777, 224.65017199516296]"
F252013,30,12,0.9,"[449.29917146770777, 252.713032245636]"
F252013,30,12,1.0,"[438.38178986446906, 280.7570598125458]"
F252013,30,13,0.01,"[1613.1040906465246, 2.8045034408569336]"
F252013,30,13,0.1,"[1163.4810366225329, 27.96843719482422]"
F252013,30,13,0.2,"[802.43469818617, 55.92127060890198]"
F252013,30,13,0.3,"[726.1573474276595, 83.91601419448853]"
F252013,30,13,0.4,"[633.910908789898, 111.83651065826416]"
F252013,30,13,0.5,"[572.9757363604278, 139.8614785671234]"
F252013,30,13,0.6,"[572.9757363604278, 167.8384325504303]"
F252013,30,13,0.7,"[572.9757363604278, 195.9083230495453]"
F252013,30,13,0.8,"[559.8923695629815, 223.90188932418823]"
F252013,30,13,0.9,"[535.9991159960696, 251.89962458610535]"
F252013,30,13,1.0,"[535.9991159960696, 279.9068350791931]"
F252013,30,14,0.01,"[656.9672449683553, 2.8045263290405273]"
F252013,30,14,0.1,"[568.4341669425453, 27.976609706878662]"
F252013,30,14,0.2,"[545.2249011800641, 55.883944034576416]"
F252013,30,14,0.3,"[545.2249011800641, 83.7983181476593]"
F252013,30,14,0.4,"[545.2249011800641, 111.70488023757935]"
F252013,30,14,0.5,"[545.2249011800641, 139.61604833602905]"
F252013,30,14,0.6,"[545.2249011800641, 167.54698491096497]"
F252013,30,14,0.7,"[529.9211307012879, 195.5232801437378]"
F252013,30,14,0.8,"[482.3165630563526, 223.50614857673645]"
F252013,30,14,0.9,"[482.3165630563526, 251.65137434005737]"
F252013,30,14,1.0,"[482.3165630563526, 279.62159276008606]"
F252013,30,15,0.01,"[859.6996734965435, 2.8093104362487793]"
F252013,30,15,0.1,"[848.1629557336023, 28.049238443374634]"
F252013,30,15,0.2,"[746.8867698465133, 56.028677225112915]"
F252013,30,15,0.3,"[622.415379423775, 84.04835867881775]"
F252013,30,15,0.4,"[596.5768730103773, 112.0873155593872]"
F252013,30,15,0.5,"[566.8179944043054, 140.14251613616943]"
F252013,30,15,0.6,"[559.494188853211, 168.20301342010498]"
F252013,30,15,0.7,"[496.5281973992983, 196.27314972877502]"
F252013,30,15,0.8,"[496.5281973992983, 224.62655019760132]"
F252013,30,15,0.9,"[496.5281973992983, 252.75061869621277]"
F252013,30,15,1.0,"[496.5281973992983, 280.75136828422546]"
F252013,30,16,0.01,"[507.54687627601857, 2.807070016860962]"
F252013,30,16,0.1,"[499.1034450253933, 28.001659393310547]"
F252013,30,16,0.2,"[474.37183633147924, 56.027029514312744]"
F252013,30,16,0.3,"[473.39279190357365, 84.11516499519348]"
F252013,30,16,0.4,"[462.41887067791254, 112.1603696346283]"
F252013,30,16,0.5,"[448.0999642419006, 140.17146682739258]"
F252013,30,16,0.6,"[448.0999642419006, 168.14927053451538]"
F252013,30,16,0.7,"[448.0999642419006, 196.212415933609]"
F252013,30,16,0.8,"[448.0999642419006, 224.27253556251526]"
F252013,30,16,0.9,"[448.0999642419006, 252.3679928779602]"
F252013,30,16,1.0,"[448.0999642419006, 280.43596625328064]"
F252013,30,17,0.01,"[801.6804343684344, 2.8070919513702393]"
F252013,30,17,0.1,"[759.2494920211575, 27.942620992660522]"
F252013,30,17,0.2,"[729.7893708012198, 55.81684708595276]"
F252013,30,17,0.3,"[619.8698861044363, 83.7494888305664]"
F252013,30,17,0.4,"[572.2922246686862, 111.64017629623413]"
F252013,30,17,0.5,"[540.9370118719698, 139.58780193328857]"
F252013,30,17,0.6,"[516.4746236441297, 167.48052716255188]"
F252013,30,17,0.7,"[516.4746236441297, 195.41450142860413]"
F252013,30,17,0.8,"[516.4746236441297, 223.37402486801147]"
F252013,30,17,0.9,"[481.78786442307387, 251.84673047065735]"
F252013,30,17,1.0,"[477.0726478455781, 279.79262709617615]"
F252013,30,18,0.01,"[1108.6446528062324, 2.787954807281494]"
F252013,30,18,0.1,"[859.8232845920711, 27.78239417076111]"
F252013,30,18,0.2,"[772.4112335749451, 55.58619451522827]"
F252013,30,18,0.3,"[669.8094953097589, 83.43184518814087]"
F252013,30,18,0.4,"[638.2312523466949, 111.19746160507202]"
F252013,30,18,0.5,"[635.4030913678489, 139.00248456001282]"
F252013,30,18,0.6,"[635.4030913678489, 166.758850812912]"
F252013,30,18,0.7,"[635.4030913678489, 194.57224893569946]"
F252013,30,18,0.8,"[531.5469401892155, 222.34419202804565]"
F252013,30,18,0.9,"[430.5657030777784, 250.1929967403412]"
F252013,30,18,1.0,"[430.5657030777784, 278.01107478141785]"
F252013,30,19,0.01,"[622.8028073028809, 3.2423694133758545]"
F252013,30,19,0.1,"[547.1771612992238, 32.30127930641174]"
F252013,30,19,0.2,"[507.47983064656864, 64.52474784851074]"
F252013,30,19,0.3,"[507.47983064656864, 96.74239253997803]"
F252013,30,19,0.4,"[496.74780038755125, 128.94574880599976]"
F252013,30,19,0.5,"[495.51445987756756, 161.24840354919434]"
F252013,30,19,0.6,"[467.456616017932, 193.46183562278748]"
F252013,30,19,0.7,"[467.456616017932, 225.36094188690186]"
F252013,30,19,0.8,"[467.456616017932, 253.16665482521057]"
F252013,30,19,0.9,"[467.456616017932, 281.02569603919983]"
F252013,30,19,1.0,"[467.456616017932, 308.79990816116333]"
F252013,30,20,0.01,"[739.3998454970792, 2.8053174018859863]"
F252013,30,20,0.1,"[649.3250783877616, 28.028446912765503]"
F252013,30,20,0.2,"[593.580647630512, 55.98484182357788]"
F252013,30,20,0.3,"[574.80589574222, 84.01481986045837]"
F252013,30,20,0.4,"[513.2940755146265, 111.9804949760437]"
F252013,30,20,0.5,"[497.4881551007775, 140.00794982910156]"
F252013,30,20,0.6,"[497.4881551007775, 167.9473695755005]"
F252013,30,20,0.7,"[497.2321326669796, 195.9329650402069]"
F252013,30,20,0.8,"[467.4156708073683, 224.21307253837585]"
F252013,30,20,0.9,"[460.2684570747697, 252.25041222572327]"
F252013,30,20,1.0,"[460.2684570747697, 280.3010325431824]"
F252013,30,21,0.01,"[510.7770818073036, 2.8063106536865234]"
F252013,30,21,0.1,"[500.37847734351203, 27.958352088928223]"
F252013,30,21,0.2,"[498.35469408402355, 55.842615604400635]"
F252013,30,21,0.3,"[490.70413370933034, 83.72512722015381]"
F252013,30,21,0.4,"[490.70413370933034, 111.57845044136047]"
F252013,30,21,0.5,"[490.70413370933034, 139.53741025924683]"
F252013,30,21,0.6,"[490.70413370933034, 167.46181631088257]"
F252013,30,21,0.7,"[490.70413370933034, 195.42235255241394]"
F252013,30,21,0.8,"[490.3029994054268, 223.3583378791809]"
F252013,30,21,0.9,"[490.3029994054268, 251.32666492462158]"
F252013,30,21,1.0,"[490.3029994054268, 279.2951674461365]"
F252013,30,22,0.01,"[651.5836684820861, 2.79137921333313]"
F252013,30,22,0.1,"[534.8161415474415, 27.797716856002808]"
F252013,30,22,0.2,"[522.4499267246626, 55.57592844963074]"
F252013,30,22,0.3,"[522.4499267246626, 83.41414475440979]"
F252013,30,22,0.4,"[488.0397076182767, 111.25373387336731]"
F252013,30,22,0.5,"[467.2313532116259, 139.08491253852844]"
F252013,30,22,0.6,"[467.2313532116259, 166.92458200454712]"
F252013,30,22,0.7,"[467.2313532116259, 194.78706860542297]"
F252013,30,22,0.8,"[459.03690118591703, 222.64590620994568]"
F252013,30,22,0.9,"[442.2935245826927, 250.54388189315796]"
F252013,30,22,1.0,"[439.8304478012906, 278.39125657081604]"
F252013,30,23,0.01,"[562.3580029710788, 2.8283145427703857]"
F252013,30,23,0.1,"[528.1354439040642, 28.128485202789307]"
F252013,30,23,0.2,"[510.6175368378756, 56.23278069496155]"
F252013,30,23,0.3,"[506.1807232755009, 84.31469130516052]"
F252013,30,23,0.4,"[486.7156292426055, 112.3962049484253]"
F252013,30,23,0.5,"[486.7156292426055, 140.52513241767883]"
F252013,30,23,0.6,"[485.6139385771071, 168.62889552116394]"
F252013,30,23,0.7,"[485.6139385771071, 196.7405776977539]"
F252013,30,23,0.8,"[485.6139385771071, 224.87656021118164]"
F252013,30,23,0.9,"[485.6139385771071, 253.0057020187378]"
F252013,30,23,1.0,"[485.6139385771071, 281.1096382141113]"
F252013,30,24,0.01,"[689.201035969219, 2.8215904235839844]"
F252013,30,24,0.1,"[658.8776829657252, 28.186429738998413]"
F252013,30,24,0.2,"[578.1550930641342, 56.318613052368164]"
F252013,30,24,0.3,"[532.6733651106688, 84.60921669006348]"
F252013,30,24,0.4,"[492.1250544622344, 112.77127432823181]"
F252013,30,24,0.5,"[492.1250544622344, 140.97834539413452]"
F252013,30,24,0.6,"[484.9380149615972, 169.1572072505951]"
F252013,30,24,0.7,"[482.8319404006752, 197.3975989818573]"
F252013,30,24,0.8,"[457.86590647606636, 225.66050457954407]"
F252013,30,24,0.9,"[457.86590647606636, 253.8704378604889]"
F252013,30,24,1.0,"[455.1663896992327, 282.0548801422119]"
F252013,30,25,0.01,"[695.0160703284091, 2.8177599906921387]"
F252013,30,25,0.1,"[672.2450355701976, 28.036979913711548]"
F252013,30,25,0.2,"[614.6651825697445, 56.04458832740784]"
F252013,30,25,0.3,"[566.8966225142533, 84.00478863716125]"
F252013,30,25,0.4,"[510.1399439574634, 111.94371104240417]"
F252013,30,25,0.5,"[480.89623709970556, 139.9574282169342]"
F252013,30,25,0.6,"[480.89623709970556, 167.9456787109375]"
F252013,30,25,0.7,"[480.89623709970556, 195.96190524101257]"
F252013,30,25,0.8,"[480.89623709970556, 223.94607210159302]"
F252013,30,25,0.9,"[480.89623709970556, 251.95839500427246]"
F252013,30,25,1.0,"[480.89623709970556, 279.90269947052]"
F252013,30,26,0.01,"[845.3898936820128, 2.8212857246398926]"
F252013,30,26,0.1,"[705.611888659721, 28.121503591537476]"
F252013,30,26,0.2,"[694.1946061669066, 56.133981227874756]"
F252013,30,26,0.3,"[653.3960529947867, 84.17317223548889]"
F252013,30,26,0.4,"[543.2473595047331, 112.19589805603027]"
F252013,30,26,0.5,"[508.4812559843717, 140.25926613807678]"
F252013,30,26,0.6,"[482.5274253579298, 168.2991077899933]"
F252013,30,26,0.7,"[482.5274253579298, 196.40459632873535]"
F252013,30,26,0.8,"[476.9747342145074, 224.5285291671753]"
F252013,30,26,0.9,"[449.81747926621983, 252.63317036628723]"
F252013,30,26,1.0,"[438.38063623934454, 280.74698877334595]"
F252013,30,27,0.01,"[945.1396165893959, 2.81331729888916]"
F252013,30,27,0.1,"[797.4120012267076, 28.013951539993286]"
F252013,30,27,0.2,"[795.3452138061643, 55.97080898284912]"
F252013,30,27,0.3,"[701.0150573449941, 83.98750019073486]"
F252013,30,27,0.4,"[701.0150573449941, 112.04336142539978]"
F252013,30,27,0.5,"[656.7662419239336, 140.08130931854248]"
F252013,30,27,0.6,"[612.796302105279, 168.1559658050537]"
F252013,30,27,0.7,"[597.0107336038432, 196.2736256122589]"
F252013,30,27,0.8,"[597.0107336038432, 224.6075780391693]"
F252013,30,27,0.9,"[564.1007348160892, 252.7511341571808]"
F252013,30,27,1.0,"[554.3884090958161, 280.87431740760803]"
F252013,30,28,0.01,"[529.8182961219263, 2.822016477584839]"
F252013,30,28,0.1,"[514.1056550199517, 28.114471912384033]"
F252013,30,28,0.2,"[488.2091319756496, 56.17042016983032]"
F252013,30,28,0.3,"[468.6147540245074, 84.22981095314026]"
F252013,30,28,0.4,"[466.74219879385737, 112.26376533508301]"
F252013,30,28,0.5,"[466.74219879385737, 140.34317445755005]"
F252013,30,28,0.6,"[434.8805994734669, 168.40364933013916]"
F252013,30,28,0.7,"[434.8805994734669, 196.5215232372284]"
F252013,30,28,0.8,"[425.7402177457002, 224.5772008895874]"
F252013,30,28,0.9,"[425.7402177457002, 252.70542240142822]"
F252013,30,28,1.0,"[425.7402177457002, 280.7952585220337]"
F252013,30,29,0.01,"[701.7672073895164, 2.8130264282226562]"
F252013,30,29,0.1,"[659.1258468531628, 28.045722484588623]"
F252013,30,29,0.2,"[613.1514653153167, 56.076172828674316]"
F252013,30,29,0.3,"[586.23415423291, 84.131991147995]"
F252013,30,29,0.4,"[564.6054520609605, 112.16628003120422]"
F252013,30,29,0.5,"[564.6054520609605, 140.21335530281067]"
F252013,30,29,0.6,"[564.6054520609605, 168.25667881965637]"
F252013,30,29,0.7,"[564.6054520609605, 196.33395409584045]"
F252013,30,29,0.8,"[564.6054520609605, 224.4339497089386]"
F252013,30,29,0.9,"[564.6054520609605, 252.5547423362732]"
F252013,30,29,1.0,"[530.8440766948866, 280.63737869262695]"
F252013,30,30,0.01,"[828.9674856993524, 2.80206561088562]"
F252013,30,30,0.1,"[744.7975178707748, 27.930274963378906]"
F252013,30,30,0.2,"[649.1881232619444, 55.82016158103943]"
F252013,30,30,0.3,"[634.0852795649821, 83.75706768035889]"
F252013,30,30,0.4,"[631.5217210609121, 111.63712954521179]"
F252013,30,30,0.5,"[597.0040753622384, 139.51534605026245]"
F252013,30,30,0.6,"[543.0874918916325, 167.4265112876892]"
F252013,30,30,0.7,"[489.73390761519795, 195.4407229423523]"
F252013,30,30,0.8,"[489.73390761519795, 223.3903787136078]"
F252013,30,30,0.9,"[483.8201480225848, 251.43117833137512]"
F252013,30,30,1.0,"[471.67980964242656, 279.44240069389343]"
F252013,30,31,0.01,"[559.760384858532, 2.8304033279418945]"
F252013,30,31,0.1,"[558.8811790087, 28.233899354934692]"
F252013,30,31,0.2,"[527.583854554764, 56.432676792144775]"
F252013,30,31,0.3,"[515.2660074271416, 84.68026375770569]"
F252013,30,31,0.4,"[515.2660074271416, 112.84056973457336]"
F252013,30,31,0.5,"[515.2660074271416, 141.11230945587158]"
F252013,30,31,0.6,"[515.2660074271416, 169.27712297439575]"
F252013,30,31,0.7,"[495.4496894623878, 197.50097227096558]"
F252013,30,31,0.8,"[495.4496894623878, 225.86926102638245]"
F252013,30,31,0.9,"[474.93498557522594, 254.38309049606323]"
F252013,30,31,1.0,"[472.5672463400624, 282.5381815433502]"
F252013,30,32,0.01,"[532.7531603317045, 2.8145008087158203]"
F252013,30,32,0.1,"[492.18499239312087, 28.029203414916992]"
F252013,30,32,0.2,"[490.7733463273353, 56.01493954658508]"
F252013,30,32,0.3,"[490.7733463273353, 84.00200891494751]"
F252013,30,32,0.4,"[490.7733463273353, 111.95595002174377]"
F252013,30,32,0.5,"[482.1114995811686, 139.95644974708557]"
F252013,30,32,0.6,"[458.27038120185443, 167.97369623184204]"
F252013,30,32,0.7,"[458.27038120185443, 196.02489829063416]"
F252013,30,32,0.8,"[457.6929470928569, 224.07924890518188]"
F252013,30,32,0.9,"[444.43579084708335, 252.1366834640503]"
F252013,30,32,1.0,"[408.61268319618785, 280.1604497432709]"
F252013,30,33,0.01,"[1177.7758673883523, 2.8169612884521484]"
F252013,30,33,0.1,"[968.325547646627, 28.035410404205322]"
F252013,30,33,0.2,"[877.1137502758584, 56.053603172302246]"
F252013,30,33,0.3,"[849.2930576369026, 84.06519794464111]"
F252013,30,33,0.4,"[779.6195912978628, 112.12278318405151]"
F252013,30,33,0.5,"[693.9967971106296, 140.2219636440277]"
F252013,30,33,0.6,"[635.7393064088515, 168.282963514328]"
F252013,30,33,0.7,"[578.7901850657577, 196.4135229587555]"
F252013,30,33,0.8,"[565.078037532789, 224.42384552955627]"
F252013,30,33,0.9,"[533.9529078985363, 252.46686673164368]"
F252013,30,33,1.0,"[533.9529078985363, 280.487589597702]"
F252013,30,34,0.01,"[597.8456719337698, 2.817309856414795]"
F252013,30,34,0.1,"[568.4573272313064, 28.116334199905396]"
F252013,30,34,0.2,"[534.5252918427179, 56.23668336868286]"
F252013,30,34,0.3,"[534.5252918427179, 84.35276246070862]"
F252013,30,34,0.4,"[534.5252918427179, 112.46785044670105]"
F252013,30,34,0.5,"[534.5252918427179, 140.64122605323792]"
F252013,30,34,0.6,"[534.5252918427179, 168.79356336593628]"
F252013,30,34,0.7,"[524.8236624461438, 196.98325157165527]"
F252013,30,34,0.8,"[506.9059242743665, 225.51076650619507]"
F252013,30,34,0.9,"[487.57408707676495, 253.77182340621948]"
F252013,30,34,1.0,"[458.57051474651826, 281.8816282749176]"
F252013,30,35,0.01,"[882.4803158220395, 2.8107099533081055]"
F252013,30,35,0.1,"[791.3062270384189, 28.05132031440735]"
F252013,30,35,0.2,"[737.8366792760116, 56.01469302177429]"
F252013,30,35,0.3,"[689.3234043877574, 83.986008644104]"
F252013,30,35,0.4,"[603.308492257861, 111.88474321365356]"
F252013,30,35,0.5,"[575.0563715837445, 139.87141299247742]"
F252013,30,35,0.6,"[575.0563715837445, 167.80139350891113]"
F252013,30,35,0.7,"[558.7816911642312, 195.80201506614685]"
F252013,30,35,0.8,"[517.1199749258028, 223.80530166625977]"
F252013,30,35,0.9,"[499.5752247288326, 251.90374636650085]"
F252013,30,35,1.0,"[499.5752247288326, 279.9505236148834]"
F252013,30,36,0.01,"[900.7020236280698, 2.8100028038024902]"
F252013,30,36,0.1,"[753.6239797866901, 27.936344861984253]"
F252013,30,36,0.2,"[608.5438722762324, 55.76384091377258]"
F252013,30,36,0.3,"[595.3425904050325, 83.67181658744812]"
F252013,30,36,0.4,"[542.9082087348227, 111.4717800617218]"
F252013,30,36,0.5,"[542.9082087348227, 139.33164072036743]"
F252013,30,36,0.6,"[540.4159347261689, 167.22762751579285]"
F252013,30,36,0.7,"[531.8440430522724, 195.17546248435974]"
F252013,30,36,0.8,"[531.8440430522724, 223.0924632549286]"
F252013,30,36,0.9,"[528.3330018680981, 251.15368723869324]"
F252013,30,36,1.0,"[528.3330018680981, 279.0443580150604]"
F252013,30,37,0.01,"[1779.0445359587047, 2.8278777599334717]"
F252013,30,37,0.1,"[972.4477956123924, 28.250547885894775]"
F252013,30,37,0.2,"[860.7962558225884, 56.406033992767334]"
F252013,30,37,0.3,"[651.7529429966453, 84.61713552474976]"
F252013,30,37,0.4,"[651.7529429966453, 112.75360894203186]"
F252013,30,37,0.5,"[619.9643887976372, 140.9609339237213]"
F252013,30,37,0.6,"[533.7241190475247, 169.17653036117554]"
F252013,30,37,0.7,"[532.342156989205, 197.42566657066345]"
F252013,30,37,0.8,"[502.19884455238935, 225.61376905441284]"
F252013,30,37,0.9,"[502.19884455238935, 254.0298125743866]"
F252013,30,37,1.0,"[478.0630983269757, 282.2503731250763]"
F252013,30,38,0.01,"[567.6290777170884, 2.8098275661468506]"
F252013,30,38,0.1,"[552.3350532380869, 28.05780529975891]"
F252013,30,38,0.2,"[552.3350532380869, 56.0397093296051]"
F252013,30,38,0.3,"[529.4324701014993, 84.06425142288208]"
F252013,30,38,0.4,"[527.5812243418045, 112.02877116203308]"
F252013,30,38,0.5,"[527.5812243418045, 140.05873584747314]"
F252013,30,38,0.6,"[527.5812243418045, 168.04621863365173]"
F252013,30,38,0.7,"[527.5812243418045, 196.12493300437927]"
F252013,30,38,0.8,"[527.5812243418045, 224.19502472877502]"
F252013,30,38,0.9,"[527.5812243418045, 252.2774600982666]"
F252013,30,38,1.0,"[512.5349687246762, 280.3207197189331]"
F252013,30,39,0.01,"[564.4130436664559, 2.823331832885742]"
F252013,30,39,0.1,"[550.7132817561953, 28.104745864868164]"
F252013,30,39,0.2,"[527.3913447549073, 56.19866871833801]"
F252013,30,39,0.3,"[527.3913447549073, 84.31351923942566]"
F252013,30,39,0.4,"[509.9315081257512, 112.36651921272278]"
F252013,30,39,0.5,"[482.4080415459214, 140.44647884368896]"
F252013,30,39,0.6,"[482.4080415459214, 168.4444544315338]"
F252013,30,39,0.7,"[475.0974677359827, 196.5108823776245]"
F252013,30,39,0.8,"[475.0974677359827, 224.62144589424133]"
F252013,30,39,0.9,"[462.2539743457294, 252.73637890815735]"
F252013,30,39,1.0,"[462.2539743457294, 280.82714343070984]"
F252013,30,40,0.01,"[1198.8562930012217, 2.8635950088500977]"
F252013,30,40,0.1,"[888.407082423889, 28.073001623153687]"
F252013,30,40,0.2,"[772.2155884313429, 56.030988454818726]"
F252013,30,40,0.3,"[616.7998690616118, 84.04259419441223]"
F252013,30,40,0.4,"[565.5391585651898, 111.9105658531189]"
F252013,30,40,0.5,"[535.321202895947, 139.87044835090637]"
F252013,30,40,0.6,"[532.7792302698231, 167.7852201461792]"
F252013,30,40,0.7,"[460.63683249286623, 195.7994327545166]"
F252013,30,40,0.8,"[460.63683249286623, 223.97433471679688]"
F252013,30,40,0.9,"[445.9233619624488, 257.2996714115143]"
F252013,30,40,1.0,"[435.8700151834969, 288.72280621528625]"
F252013,30,41,0.01,"[580.9908715463207, 2.8122246265411377]"
F252013,30,41,0.1,"[562.3056843040658, 28.008010864257812]"
F252013,30,41,0.2,"[562.3056843040658, 55.91491389274597]"
F252013,30,41,0.3,"[554.0393273494897, 83.89896821975708]"
F252013,30,41,0.4,"[533.6171774382838, 111.86066031455994]"
F252013,30,41,0.5,"[530.1496052608636, 139.85829663276672]"
F252013,30,41,0.6,"[497.43338214788173, 167.86316847801208]"
F252013,30,41,0.7,"[497.43338214788173, 195.90879583358765]"
F252013,30,41,0.8,"[497.43338214788173, 223.93611884117126]"
F252013,30,41,0.9,"[497.43338214788173, 251.99533796310425]"
F252013,30,41,1.0,"[497.43338214788173, 280.0811321735382]"
F252013,30,42,0.01,"[872.9549879136227, 2.804063558578491]"
F252013,30,42,0.1,"[798.0533004402976, 27.92420482635498]"
F252013,30,42,0.2,"[766.0524880242065, 55.82814288139343]"
F252013,30,42,0.3,"[756.0408329429879, 83.74138236045837]"
F252013,30,42,0.4,"[619.4450746785919, 111.62871241569519]"
F252013,30,42,0.5,"[544.7919129738975, 139.55095052719116]"
F252013,30,42,0.6,"[544.7919129738975, 167.44490790367126]"
F252013,30,42,0.7,"[544.7919129738975, 195.3995852470398]"
F252013,30,42,0.8,"[504.2945438699544, 223.31141829490662]"
F252013,30,42,0.9,"[496.71140665675694, 251.28061056137085]"
F252013,30,42,1.0,"[465.6606645156878, 279.19172501564026]"
F252013,30,43,0.01,"[878.4916476799372, 2.8187248706817627]"
F252013,30,43,0.1,"[775.308849229245, 28.066940546035767]"
F252013,30,43,0.2,"[656.1685793138872, 56.0761604309082]"
F252013,30,43,0.3,"[656.1685793138872, 84.13805556297302]"
F252013,30,43,0.4,"[570.4406471754246, 112.1607916355133]"
F252013,30,43,0.5,"[520.6520532007326, 140.27269911766052]"
F252013,30,43,0.6,"[509.019910226541, 168.36447072029114]"
F252013,30,43,0.7,"[509.019910226541, 196.4926118850708]"
F252013,30,43,0.8,"[476.4036365894435, 224.7283821105957]"
F252013,30,43,0.9,"[451.672331449417, 252.9310154914856]"
F252013,30,43,1.0,"[451.35441116757056, 281.09713888168335]"
F252013,30,44,0.01,"[819.0921207507881, 2.851682186126709]"
F252013,30,44,0.1,"[660.1089494489536, 28.06532573699951]"
F252013,30,44,0.2,"[597.5760824520037, 56.05420923233032]"
F252013,30,44,0.3,"[583.075782291321, 84.06956267356873]"
F252013,30,44,0.4,"[577.2273081015906, 112.04207992553711]"
F252013,30,44,0.5,"[577.2273081015906, 140.02124691009521]"
F252013,30,44,0.6,"[577.2273081015906, 167.99696254730225]"
F252013,30,44,0.7,"[543.4585335737033, 196.0874638557434]"
F252013,30,44,0.8,"[523.3710518073672, 224.1428439617157]"
F252013,30,44,0.9,"[491.0007054674463, 253.32995510101318]"
F252013,30,44,1.0,"[474.0467442530364, 281.4351272583008]"
F252013,30,45,0.01,"[763.8253630863796, 2.8450653553009033]"
F252013,30,45,0.1,"[685.5988632291094, 28.39452362060547]"
F252013,30,45,0.2,"[667.8388427552381, 56.730207443237305]"
F252013,30,45,0.3,"[667.7177203075476, 85.0933129787445]"
F252013,30,45,0.4,"[624.351088638417, 113.394615650177]"
F252013,30,45,0.5,"[595.2203892581224, 141.80575895309448]"
F252013,30,45,0.6,"[572.1606857032918, 170.15819430351257]"
F252013,30,45,0.7,"[570.4331937047662, 198.64986419677734]"
F252013,30,45,0.8,"[566.6123812236872, 227.12053751945496]"
F252013,30,45,0.9,"[551.6965471264803, 255.63898921012878]"
F252013,30,45,1.0,"[551.6965471264803, 284.0651409626007]"
F252013,30,46,0.01,"[1191.4620788496704, 2.8270812034606934]"
F252013,30,46,0.1,"[974.3826000052186, 28.173073530197144]"
F252013,30,46,0.2,"[881.4060751165985, 56.266523361206055]"
F252013,30,46,0.3,"[825.9890689026947, 84.408700466156]"
F252013,30,46,0.4,"[768.2100360005184, 112.57851719856262]"
F252013,30,46,0.5,"[672.5014875714917, 140.77568697929382]"
F252013,30,46,0.6,"[626.6885923160212, 168.88330745697021]"
F252013,30,46,0.7,"[626.6885923160212, 197.02120184898376]"
F252013,30,46,0.8,"[600.1802723923363, 225.22109627723694]"
F252013,30,46,0.9,"[600.1802723923363, 253.39227080345154]"
F252013,30,46,1.0,"[594.3765004930247, 281.57310485839844]"
F252013,30,47,0.01,"[954.8292964163638, 2.815544366836548]"
F252013,30,47,0.1,"[736.9923152353765, 28.113880395889282]"
F252013,30,47,0.2,"[655.6456699577552, 56.14701771736145]"
F252013,30,47,0.3,"[593.208047712496, 84.16304612159729]"
F252013,30,47,0.4,"[588.5724968555451, 112.24285554885864]"
F252013,30,47,0.5,"[568.2326722330672, 140.34122610092163]"
F252013,30,47,0.6,"[568.2326722330672, 168.44700264930725]"
F252013,30,47,0.7,"[528.2697406109069, 196.5965621471405]"
F252013,30,47,0.8,"[506.5819970929065, 224.67063426971436]"
F252013,30,47,0.9,"[495.6775610885968, 252.7896592617035]"
F252013,30,47,1.0,"[478.05220242553105, 280.89001965522766]"
F252013,30,48,0.01,"[654.5580073488122, 2.8089239597320557]"
F252013,30,48,0.1,"[654.5580073488122, 28.031051874160767]"
F252013,30,48,0.2,"[575.6981018551628, 56.0050904750824]"
F252013,30,48,0.3,"[555.3539115988856, 84.01432466506958]"
F252013,30,48,0.4,"[527.0872166592376, 112.02186393737793]"
F252013,30,48,0.5,"[512.24187819179, 140.06722140312195]"
F252013,30,48,0.6,"[473.76057893662914, 168.1247034072876]"
F252013,30,48,0.7,"[459.80530833732155, 196.2910919189453]"
F252013,30,48,0.8,"[458.2616192201517, 224.42351937294006]"
F252013,30,48,0.9,"[458.2616192201517, 252.56650805473328]"
F252013,30,48,1.0,"[458.2616192201517, 280.67289113998413]"
F252013,30,49,0.01,"[564.3322043618475, 2.8196942806243896]"
F252013,30,49,0.1,"[525.4753183220425, 28.14169931411743]"
F252013,30,49,0.2,"[520.8446893584792, 56.19478750228882]"
F252013,30,49,0.3,"[492.33571325845173, 84.24747943878174]"
F252013,30,49,0.4,"[428.27467448312404, 112.29244923591614]"
F252013,30,49,0.5,"[428.27467448312404, 140.30841374397278]"
F252013,30,49,0.6,"[428.27467448312404, 168.30683088302612]"
F252013,30,49,0.7,"[428.27467448312404, 196.41219282150269]"
F252013,30,49,0.8,"[428.27467448312404, 224.4681532382965]"
F252013,30,49,0.9,"[428.27467448312404, 252.52244472503662]"
F252013,30,49,1.0,"[428.27467448312404, 280.5082514286041]"
F252013,30,50,0.01,"[622.8840249690134, 2.7979800701141357]"
F252013,30,50,0.1,"[599.0866301882313, 27.974244832992554]"
F252013,30,50,0.2,"[569.367918465316, 55.97004246711731]"
F252013,30,50,0.3,"[569.367918465316, 83.97140097618103]"
F252013,30,50,0.4,"[569.367918465316, 111.95638370513916]"
F252013,30,50,0.5,"[569.367918465316, 140.0221288204193]"
F252013,30,50,0.6,"[569.367918465316, 167.9895098209381]"
F252013,30,50,0.7,"[551.8664705940741, 196.01725029945374]"
F252013,30,50,0.8,"[502.7684595590763, 224.13211107254028]"
F252013,30,50,0.9,"[488.52466653411693, 252.32653093338013]"
F252013,30,50,1.0,"[488.52466653411693, 280.40481638908386]"
F252013,50,0,0.01,"[823.2309687558413, 6.4927897453308105]"
F252013,50,0,0.1,"[770.8547029176243, 64.34292125701904]"
F252013,50,0,0.2,"[770.8547029176243, 128.51910185813904]"
F252013,50,0,0.3,"[770.8547029176243, 192.5780806541443]"
F252013,50,0,0.4,"[770.8547029176243, 256.71130895614624]"
F252013,50,0,0.5,"[770.8547029176243, 320.79430961608887]"
F252013,50,0,0.6,"[770.8547029176243, 385.0561399459839]"
F252013,50,0,0.7,"[770.8547029176243, 449.29062485694885]"
F252013,50,0,0.8,"[770.8547029176243, 513.3909223079681]"
F252013,50,0,0.9,"[700.1894837423722, 577.4013495445251]"
F252013,50,0,1.0,"[699.8331962827665, 641.4994254112244]"
F252013,50,1,0.01,"[1063.021655435236, 6.61328387260437]"
F252013,50,1,0.1,"[987.3370600672897, 64.45052576065063]"
F252013,50,1,0.2,"[888.5066388938228, 128.73939847946167]"
F252013,50,1,0.3,"[823.9259009808688, 192.95840001106262]"
F252013,50,1,0.4,"[786.0467476515123, 257.02888679504395]"
F252013,50,1,0.5,"[786.0467476515123, 320.98375940322876]"
F252013,50,1,0.6,"[786.0467476515123, 385.2311544418335]"
F252013,50,1,0.7,"[786.0467476515123, 449.2659287452698]"
F252013,50,1,0.8,"[786.0467476515123, 513.370952129364]"
F252013,50,1,0.9,"[749.838200639882, 577.3057477474213]"
F252013,50,1,1.0,"[739.083819059279, 641.2512109279633]"
F252013,50,2,0.01,"[1153.6089340169437, 6.492301940917969]"
F252013,50,2,0.1,"[1055.9882374392969, 64.40821814537048]"
F252013,50,2,0.2,"[954.6585846246567, 128.78210282325745]"
F252013,50,2,0.3,"[916.3332529606992, 193.12312626838684]"
F252013,50,2,0.4,"[835.9050180180388, 257.47163796424866]"
F252013,50,2,0.5,"[832.4864637226542, 321.69247221946716]"
F252013,50,2,0.6,"[832.4864637226542, 385.8166072368622]"
F252013,50,2,0.7,"[832.4864637226542, 450.05246663093567]"
F252013,50,2,0.8,"[832.4864637226542, 514.0397365093231]"
F252013,50,2,0.9,"[790.1363851259989, 577.9620876312256]"
F252013,50,2,1.0,"[760.3173800966456, 641.9402801990509]"
F252013,50,3,0.01,"[944.0806716607449, 6.603706359863281]"
F252013,50,3,0.1,"[854.2829600451369, 64.3826744556427]"
F252013,50,3,0.2,"[796.1946928802577, 128.65728950500488]"
F252013,50,3,0.3,"[762.5071424103628, 192.83609199523926]"
F252013,50,3,0.4,"[762.5071424103628, 257.04845452308655]"
F252013,50,3,0.5,"[762.5071424103628, 321.23005652427673]"
F252013,50,3,0.6,"[762.5071424103628, 385.51085019111633]"
F252013,50,3,0.7,"[762.5071424103628, 450.1246943473816]"
F252013,50,3,0.8,"[762.5071424103628, 514.1080236434937]"
F252013,50,3,0.9,"[762.5071424103628, 577.9368979930878]"
F252013,50,3,1.0,"[714.9173968879095, 641.8358180522919]"
F252013,50,4,0.01,"[1594.753321190426, 6.557016372680664]"
F252013,50,4,0.1,"[1338.121700346689, 64.35723352432251]"
F252013,50,4,0.2,"[1063.6243208428787, 128.63314294815063]"
F252013,50,4,0.3,"[958.8728857689412, 192.88832426071167]"
F252013,50,4,0.4,"[864.1130315968283, 257.09618759155273]"
F252013,50,4,0.5,"[864.1130315968283, 321.2724401950836]"
F252013,50,4,0.6,"[840.1644415780042, 385.89710521698]"
F252013,50,4,0.7,"[840.1644415780042, 450.0740840435028]"
F252013,50,4,0.8,"[840.1644415780042, 514.2599232196808]"
F252013,50,4,0.9,"[840.1644415780042, 578.0919008255005]"
F252013,50,4,1.0,"[811.5566672063014, 642.072746515274]"
F252013,50,5,0.01,"[1667.9581173095203, 6.608428478240967]"
F252013,50,5,0.1,"[1403.1331124446542, 64.43957352638245]"
F252013,50,5,0.2,"[1124.8103546692305, 128.83874917030334]"
F252013,50,5,0.3,"[1005.2377560433479, 193.13494968414307]"
F252013,50,5,0.4,"[969.4524960360768, 257.5206649303436]"
F252013,50,5,0.5,"[969.4524960360768, 321.87782430648804]"
F252013,50,5,0.6,"[969.4524960360768, 386.36970114707947]"
F252013,50,5,0.7,"[969.4524960360768, 450.7015326023102]"
F252013,50,5,0.8,"[919.4706599878182, 515.167313337326]"
F252013,50,5,0.9,"[786.8920233837562, 579.4727983474731]"
F252013,50,5,1.0,"[766.5927006732536, 643.758394241333]"
F252013,50,6,0.01,"[822.9008073810319, 6.609891891479492]"
F252013,50,6,0.1,"[777.1999829900533, 64.26464128494263]"
F252013,50,6,0.2,"[748.7379951984426, 128.50163197517395]"
F252013,50,6,0.3,"[658.2404115309512, 192.6162748336792]"
F252013,50,6,0.4,"[658.2404115309512, 256.7541117668152]"
F252013,50,6,0.5,"[658.2404115309512, 320.903603553772]"
F252013,50,6,0.6,"[655.480553775034, 385.16900277137756]"
F252013,50,6,0.7,"[655.480553775034, 449.33062267303467]"
F252013,50,6,0.8,"[655.480553775034, 513.6054930686951]"
F252013,50,6,0.9,"[626.9129502466226, 577.7626459598541]"
F252013,50,6,1.0,"[606.6317648371978, 641.9466125965118]"
F252013,50,7,0.01,"[1351.2898243238851, 6.49539041519165]"
F252013,50,7,0.1,"[1277.6253013535265, 64.25142407417297]"
F252013,50,7,0.2,"[1216.615015801427, 128.55211472511292]"
F252013,50,7,0.3,"[1126.1262225676228, 192.8155598640442]"
F252013,50,7,0.4,"[1126.1262225676228, 257.17678713798523]"
F252013,50,7,0.5,"[1089.8940706109802, 321.4850959777832]"
F252013,50,7,0.6,"[1053.504211887771, 385.8980267047882]"
F252013,50,7,0.7,"[990.3016536891537, 450.14752888679504]"
F252013,50,7,0.8,"[990.3016536891537, 514.4439387321472]"
F252013,50,7,0.9,"[985.536686165523, 578.718104839325]"
F252013,50,7,1.0,"[917.8398171458975, 642.9216675758362]"
F252013,50,8,0.01,"[1701.8245834524387, 6.649056434631348]"
F252013,50,8,0.1,"[1578.6508072180836, 64.64486384391785]"
F252013,50,8,0.2,"[1499.0694232323708, 129.17385935783386]"
F252013,50,8,0.3,"[1310.9528121836665, 193.59919500350952]"
F252013,50,8,0.4,"[1102.3841261511589, 257.97030997276306]"
F252013,50,8,0.5,"[1044.2668813372484, 322.3377950191498]"
F252013,50,8,0.6,"[1009.9299185816117, 386.84154200553894]"
F252013,50,8,0.7,"[855.6177389583227, 451.2698104381561]"
F252013,50,8,0.8,"[809.0417085421625, 515.744441986084]"
F252013,50,8,0.9,"[809.0417085421625, 580.1321785449982]"
F252013,50,8,1.0,"[809.0417085421625, 644.5856897830963]"
F252013,50,9,0.01,"[1087.0635364350119, 6.5348594188690186]"
F252013,50,9,0.1,"[966.7372728713804, 64.21860527992249]"
F252013,50,9,0.2,"[925.186618327225, 128.44870162010193]"
F252013,50,9,0.3,"[844.5850685025539, 192.55187678337097]"
F252013,50,9,0.4,"[844.5850685025539, 256.76183891296387]"
F252013,50,9,0.5,"[793.0306170076676, 320.9030990600586]"
F252013,50,9,0.6,"[758.3896172658808, 385.11400055885315]"
F252013,50,9,0.7,"[743.3476949525348, 449.2930552959442]"
F252013,50,9,0.8,"[743.3476949525348, 513.5278782844543]"
F252013,50,9,0.9,"[743.3476949525348, 577.6659321784973]"
F252013,50,9,1.0,"[743.3476949525348, 641.9818954467773]"
F252013,50,10,0.01,"[1140.0481778089843, 6.526761293411255]"
F252013,50,10,0.1,"[1009.8083111177029, 64.3149824142456]"
F252013,50,10,0.2,"[979.7694405479187, 128.68491172790527]"
F252013,50,10,0.3,"[979.7694405479187, 193.04507541656494]"
F252013,50,10,0.4,"[961.4473908146683, 257.4196379184723]"
F252013,50,10,0.5,"[927.6819515190998, 321.68732142448425]"
F252013,50,10,0.6,"[898.0869047743863, 386.051082611084]"
F252013,50,10,0.7,"[854.4712036373878, 450.3298990726471]"
F252013,50,10,0.8,"[803.4831574190525, 514.760849237442]"
F252013,50,10,0.9,"[784.5412474361492, 579.0425641536713]"
F252013,50,10,1.0,"[775.3418406933652, 643.2657332420349]"
F252013,50,11,0.01,"[891.9139821664153, 6.568995714187622]"
F252013,50,11,0.1,"[817.7457540600021, 64.26233196258545]"
F252013,50,11,0.2,"[817.7457540600021, 128.4027361869812]"
F252013,50,11,0.3,"[817.7457540600021, 192.45079636573792]"
F252013,50,11,0.4,"[817.7457540600021, 256.4942262172699]"
F252013,50,11,0.5,"[817.7457540600021, 320.5261733531952]"
F252013,50,11,0.6,"[817.7457540600021, 384.6689898967743]"
F252013,50,11,0.7,"[817.7457540600021, 448.74601435661316]"
F252013,50,11,0.8,"[817.7457540600021, 512.8980457782745]"
F252013,50,11,0.9,"[817.7457540600021, 576.9434134960175]"
F252013,50,11,1.0,"[817.7457540600021, 641.0098757743835]"
F252013,50,12,0.01,"[1481.4102844216904, 6.579331398010254]"
F252013,50,12,0.1,"[1431.9532938330476, 64.17173075675964]"
F252013,50,12,0.2,"[1227.4391518451584, 128.222398519516]"
F252013,50,12,0.3,"[1213.3812475551213, 192.15265941619873]"
F252013,50,12,0.4,"[1145.9532035234615, 256.16895294189453]"
F252013,50,12,0.5,"[978.6732974565616, 320.22634720802307]"
F252013,50,12,0.6,"[978.6732974565616, 384.3367235660553]"
F252013,50,12,0.7,"[978.6732974565616, 448.7687177658081]"
F252013,50,12,0.8,"[978.6732974565616, 512.8363747596741]"
F252013,50,12,0.9,"[853.2329828632276, 576.8228907585144]"
F252013,50,12,1.0,"[730.887121981239, 640.835691690445]"
F252013,50,13,0.01,"[1238.1017804487028, 6.58156681060791]"
F252013,50,13,0.1,"[1170.2544749304998, 64.51848769187927]"
F252013,50,13,0.2,"[1026.3484738244138, 128.84120273590088]"
F252013,50,13,0.3,"[987.162305581312, 193.09483408927917]"
F252013,50,13,0.4,"[937.0993726891927, 257.4189021587372]"
F252013,50,13,0.5,"[863.6069429188717, 321.61436557769775]"
F252013,50,13,0.6,"[840.612045682552, 386.6305468082428]"
F252013,50,13,0.7,"[759.021309883407, 450.9733018875122]"
F252013,50,13,0.8,"[740.9088054223389, 515.3928868770599]"
F252013,50,13,0.9,"[740.9088054223389, 579.6886961460114]"
F252013,50,13,1.0,"[717.3379705370553, 644.0835120677948]"
F252013,50,14,0.01,"[685.3149458369146, 6.581688642501831]"
F252013,50,14,0.1,"[631.4468033420735, 64.13979697227478]"
F252013,50,14,0.2,"[602.260717690077, 128.2164056301117]"
F252013,50,14,0.3,"[602.260717690077, 192.15069818496704]"
F252013,50,14,0.4,"[600.3288667976378, 256.2449564933777]"
F252013,50,14,0.5,"[585.1140351282077, 320.2825028896332]"
F252013,50,14,0.6,"[585.1140351282077, 384.6782810688019]"
F252013,50,14,0.7,"[585.1140351282077, 448.812513589859]"
F252013,50,14,0.8,"[585.1140351282077, 513.006329536438]"
F252013,50,14,0.9,"[585.1140351282077, 576.9975800514221]"
F252013,50,14,1.0,"[585.1140351282077, 641.1205172538757]"
F252013,50,15,0.01,"[1071.7758623491027, 6.461923360824585]"
F252013,50,15,0.1,"[1049.9423128083113, 64.11557841300964]"
F252013,50,15,0.2,"[1049.9423128083113, 128.2483730316162]"
F252013,50,15,0.3,"[994.2799858994099, 192.3695478439331]"
F252013,50,15,0.4,"[902.356971634872, 256.43724036216736]"
F252013,50,15,0.5,"[839.3743751561503, 320.471342086792]"
F252013,50,15,0.6,"[797.4901024537867, 384.7015573978424]"
F252013,50,15,0.7,"[797.4901024537867, 448.6591811180115]"
F252013,50,15,0.8,"[784.2811431188945, 512.7318015098572]"
F252013,50,15,0.9,"[746.1686104283353, 576.7369525432587]"
F252013,50,15,1.0,"[678.8790672102111, 640.7661230564117]"
F252013,50,16,0.01,"[723.3690248679957, 6.636799573898315]"
F252013,50,16,0.1,"[723.3690248679957, 64.15962862968445]"
F252013,50,16,0.2,"[723.3690248679957, 128.11177945137024]"
F252013,50,16,0.3,"[704.5321486458702, 191.92576479911804]"
F252013,50,16,0.4,"[677.0627430910074, 255.82023882865906]"
F252013,50,16,0.5,"[672.8948934506484, 319.61780285835266]"
F252013,50,16,0.6,"[672.8948934506484, 383.56105399131775]"
F252013,50,16,0.7,"[672.8948934506484, 447.3457131385803]"
F252013,50,16,0.8,"[672.8948934506484, 511.2097702026367]"
F252013,50,16,0.9,"[672.8948934506484, 574.9689474105835]"
F252013,50,16,1.0,"[672.8948934506484, 638.8898904323578]"
F252013,50,17,0.01,"[1000.550926873133, 6.500720500946045]"
F252013,50,17,0.1,"[796.5168034597505, 64.0659875869751]"
F252013,50,17,0.2,"[790.1670033184027, 128.11791801452637]"
F252013,50,17,0.3,"[787.3123889806202, 192.10776782035828]"
F252013,50,17,0.4,"[735.2698414796678, 256.0984799861908]"
F252013,50,17,0.5,"[690.7884296772579, 320.1912944316864]"
F252013,50,17,0.6,"[690.7884296772579, 384.5332577228546]"
F252013,50,17,0.7,"[650.3123952421479, 448.54222345352173]"
F252013,50,17,0.8,"[650.3123952421479, 512.6116027832031]"
F252013,50,17,0.9,"[650.3123952421479, 576.5752875804901]"
F252013,50,17,1.0,"[650.3123952421479, 640.5910322666168]"
F252013,50,18,0.01,"[1050.652897070454, 6.480577707290649]"
F252013,50,18,0.1,"[969.4181668770448, 64.1111011505127]"
F252013,50,18,0.2,"[923.4382374065426, 128.15609192848206]"
F252013,50,18,0.3,"[923.4382374065426, 192.17214560508728]"
F252013,50,18,0.4,"[923.4382374065426, 256.2556939125061]"
F252013,50,18,0.5,"[923.4382374065426, 320.32480001449585]"
F252013,50,18,0.6,"[923.4382374065426, 384.70809173583984]"
F252013,50,18,0.7,"[923.4382374065426, 448.9425473213196]"
F252013,50,18,0.8,"[907.5935432062975, 513.2304859161377]"
F252013,50,18,0.9,"[882.3106285455194, 577.3905308246613]"
F252013,50,18,1.0,"[811.0342163204441, 641.5978758335114]"
F252013,50,19,0.01,"[1212.8689555890633, 6.524267911911011]"
F252013,50,19,0.1,"[842.099964552762, 64.35369801521301]"
F252013,50,19,0.2,"[774.6987274930812, 128.61416149139404]"
F252013,50,19,0.3,"[701.38381207783, 192.7937092781067]"
F252013,50,19,0.4,"[694.4882597466931, 256.9238746166229]"
F252013,50,19,0.5,"[694.4882597466931, 320.9884088039398]"
F252013,50,19,0.6,"[694.4882597466931, 385.03153920173645]"
F252013,50,19,0.7,"[694.4882597466931, 448.96113777160645]"
F252013,50,19,0.8,"[694.4882597466931, 513.0682702064514]"
F252013,50,19,0.9,"[694.4882597466931, 577.022483587265]"
F252013,50,19,1.0,"[694.4882597466931, 641.0235378742218]"
F252013,50,20,0.01,"[1464.068658667984, 6.51197624206543]"
F252013,50,20,0.1,"[1332.7967455839716, 64.04309368133545]"
F252013,50,20,0.2,"[1276.5978916079703, 128.13094973564148]"
F252013,50,20,0.3,"[1185.2612006768077, 192.11505699157715]"
F252013,50,20,0.4,"[1049.1670270774712, 256.1738965511322]"
F252013,50,20,0.5,"[962.493919360164, 320.1502799987793]"
F252013,50,20,0.6,"[917.0117224258431, 384.2599413394928]"
F252013,50,20,0.7,"[862.8084573890803, 448.2091865539551]"
F252013,50,20,0.8,"[788.9813259950288, 512.3236153125763]"
F252013,50,20,0.9,"[780.9374949213125, 576.2984347343445]"
F252013,50,20,1.0,"[704.9004543776907, 640.3474757671356]"
F252013,50,21,0.01,"[1039.3837819157175, 6.458048582077026]"
F252013,50,21,0.1,"[1024.5599239553417, 64.07176113128662]"
F252013,50,21,0.2,"[1024.5599239553417, 128.3032124042511]"
F252013,50,21,0.3,"[1003.0598066852403, 192.46741676330566]"
F252013,50,21,0.4,"[964.6068482925311, 256.6757221221924]"
F252013,50,21,0.5,"[964.6068482925311, 320.8196198940277]"
F252013,50,21,0.6,"[896.1927530454841, 384.906631231308]"
F252013,50,21,0.7,"[885.2577199658872, 449.0020716190338]"
F252013,50,21,0.8,"[876.9285336679034, 513.0080645084381]"
F252013,50,21,0.9,"[836.5922755318775, 576.8897933959961]"
F252013,50,21,1.0,"[798.1955844814443, 640.8067202568054]"
F252013,50,22,0.01,"[1350.4633648016743, 6.538749694824219]"
F252013,50,22,0.1,"[1276.6702770801348, 64.2609646320343]"
F252013,50,22,0.2,"[1204.0337189276784, 128.4885687828064]"
F252013,50,22,0.3,"[1071.9506895147579, 192.50262260437012]"
F252013,50,22,0.4,"[981.6607879277162, 256.56127977371216]"
F252013,50,22,0.5,"[916.2834108052091, 320.60468888282776]"
F252013,50,22,0.6,"[885.8013119118816, 384.8081274032593]"
F252013,50,22,0.7,"[787.6415870518947, 449.0109715461731]"
F252013,50,22,0.8,"[743.6516358964109, 513.2984130382538]"
F252013,50,22,0.9,"[685.6856934543425, 577.4500737190247]"
F252013,50,22,1.0,"[682.3900212944586, 641.5973062515259]"
F252013,50,23,0.01,"[757.3905801343385, 6.4606711864471436]"
F252013,50,23,0.1,"[750.6941332019073, 64.02579236030579]"
F252013,50,23,0.2,"[702.4654858458634, 128.01496577262878]"
F252013,50,23,0.3,"[702.4654858458634, 191.97465753555298]"
F252013,50,23,0.4,"[702.4654858458634, 256.0222125053406]"
F252013,50,23,0.5,"[702.4654858458634, 320.0132269859314]"
F252013,50,23,0.6,"[702.4654858458634, 384.63704442977905]"
F252013,50,23,0.7,"[702.4654858458634, 448.78149366378784]"
F252013,50,23,0.8,"[702.4654858458634, 513.1030278205872]"
F252013,50,23,0.9,"[702.4654858458634, 577.3222439289093]"
F252013,50,23,1.0,"[702.4654858458634, 641.5408251285553]"
F252013,50,24,0.01,"[1708.9966061285008, 6.524040937423706]"
F252013,50,24,0.1,"[1315.7097653111841, 64.23256492614746]"
F252013,50,24,0.2,"[1116.2686883781143, 128.41704654693604]"
F252013,50,24,0.3,"[918.928491495356, 192.56127285957336]"
F252013,50,24,0.4,"[808.447275940485, 256.64039063453674]"
F252013,50,24,0.5,"[733.4112264144144, 320.717720746994]"
F252013,50,24,0.6,"[725.7849453165077, 390.5787682533264]"
F252013,50,24,0.7,"[716.4547015415183, 463.38202929496765]"
F252013,50,24,0.8,"[694.9901538595859, 536.2786741256714]"
F252013,50,24,0.9,"[657.4912530884021, 609.0476834774017]"
F252013,50,24,1.0,"[639.6589509775079, 678.1164255142212]"
F252013,50,25,0.01,"[1178.2820476596744, 6.591137409210205]"
F252013,50,25,0.1,"[1104.3542112011446, 64.39105200767517]"
F252013,50,25,0.2,"[1104.3542112011446, 128.68249082565308]"
F252013,50,25,0.3,"[1026.3664709520312, 192.92081093788147]"
F252013,50,25,0.4,"[1012.222561978379, 257.26670718193054]"
F252013,50,25,0.5,"[948.5613104302424, 321.5337903499603]"
F252013,50,25,0.6,"[948.5613104302424, 385.94331526756287]"
F252013,50,25,0.7,"[930.5104853547377, 450.2265691757202]"
F252013,50,25,0.8,"[885.9704842508363, 514.5086300373077]"
F252013,50,25,0.9,"[869.1997808067163, 578.733856678009]"
F252013,50,25,1.0,"[869.1997808067163, 643.020131111145]"
F252013,50,26,0.01,"[1307.5469374978984, 6.571152925491333]"
F252013,50,26,0.1,"[1135.8278577584433, 64.3650758266449]"
F252013,50,26,0.2,"[990.1435413077534, 128.58371829986572]"
F252013,50,26,0.3,"[976.3809946201363, 192.77944374084473]"
F252013,50,26,0.4,"[918.630427761264, 257.0721688270569]"
F252013,50,26,0.5,"[806.4758909861366, 321.31524896621704]"
F252013,50,26,0.6,"[806.4758909861366, 385.86199474334717]"
F252013,50,26,0.7,"[806.4758909861366, 450.5401883125305]"
F252013,50,26,0.8,"[781.8842955702457, 515.0954766273499]"
F252013,50,26,0.9,"[750.9537545475469, 579.3891553878784]"
F252013,50,26,1.0,"[750.9537545475469, 643.7890801429749]"
F252013,50,27,0.01,"[1094.1202743541558, 6.536890268325806]"
F252013,50,27,0.1,"[977.8842734063546, 64.44409346580505]"
F252013,50,27,0.2,"[977.8842734063546, 128.84082007408142]"
F252013,50,27,0.3,"[890.335716778528, 193.19041657447815]"
F252013,50,27,0.4,"[853.4786203239396, 257.52070927619934]"
F252013,50,27,0.5,"[853.4786203239396, 321.810795545578]"
F252013,50,27,0.6,"[853.4786203239396, 386.17389011383057]"
F252013,50,27,0.7,"[853.4786203239396, 451.35328817367554]"
F252013,50,27,0.8,"[842.6134950274454, 515.8678884506226]"
F252013,50,27,0.9,"[778.0845180836843, 579.9495451450348]"
F252013,50,27,1.0,"[727.4256407718535, 644.1531307697296]"
F252013,50,28,0.01,"[1100.5003993774399, 6.469820499420166]"
F252013,50,28,0.1,"[1025.680315557226, 64.18995332717896]"
F252013,50,28,0.2,"[1003.5148110657997, 128.3131890296936]"
F252013,50,28,0.3,"[1003.5148110657997, 192.4618275165558]"
F252013,50,28,0.4,"[905.057404019949, 256.62220215797424]"
F252013,50,28,0.5,"[868.4200018447859, 320.7660174369812]"
F252013,50,28,0.6,"[837.777867090399, 384.9881854057312]"
F252013,50,28,0.7,"[814.4967346800468, 449.09448432922363]"
F252013,50,28,0.8,"[796.4871331325153, 513.3441255092621]"
F252013,50,28,0.9,"[783.9657476273728, 577.5141570568085]"
F252013,50,28,1.0,"[783.9657476273728, 641.6638894081116]"
F252013,50,29,0.01,"[871.8819033512243, 6.474137783050537]"
F252013,50,29,0.1,"[790.3443062868682, 64.07876586914062]"
F252013,50,29,0.2,"[790.3443062868682, 128.2031922340393]"
F252013,50,29,0.3,"[785.3710648872757, 193.93643140792847]"
F252013,50,29,0.4,"[778.9200603240924, 266.792334318161]"
F252013,50,29,0.5,"[778.9200603240924, 334.63407278060913]"
F252013,50,29,0.6,"[778.9200603240924, 398.82431530952454]"
F252013,50,29,0.7,"[778.9200603240924, 462.8606698513031]"
F252013,50,29,0.8,"[778.9200603240924, 526.9892973899841]"
F252013,50,29,0.9,"[778.9200603240924, 591.0660769939423]"
F252013,50,29,1.0,"[778.9200603240924, 655.1280243396759]"
F252013,50,30,0.01,"[1410.312420244733, 6.540998220443726]"
F252013,50,30,0.1,"[1232.0344668866637, 64.40891647338867]"
F252013,50,30,0.2,"[1052.1934717212634, 128.7189109325409]"
F252013,50,30,0.3,"[918.1139496649553, 192.95995926856995]"
F252013,50,30,0.4,"[850.6315909106268, 257.12818813323975]"
F252013,50,30,0.5,"[776.635872625923, 321.3325605392456]"
F252013,50,30,0.6,"[776.635872625923, 385.5598659515381]"
F252013,50,30,0.7,"[776.635872625923, 449.99131321907043]"
F252013,50,30,0.8,"[776.635872625923, 514.3312678337097]"
F252013,50,30,0.9,"[776.635872625923, 578.7245728969574]"
F252013,50,30,1.0,"[776.635872625923, 643.1777381896973]"
F252013,50,31,0.01,"[1050.624639239436, 6.479327201843262]"
F252013,50,31,0.1,"[1050.624639239436, 64.19167375564575]"
F252013,50,31,0.2,"[861.1070566781502, 128.4260070323944]"
F252013,50,31,0.3,"[799.0800068366857, 192.70598793029785]"
F252013,50,31,0.4,"[749.0948651528283, 257.0504925251007]"
F252013,50,31,0.5,"[715.2475073334099, 321.2944576740265]"
F252013,50,31,0.6,"[650.2249485568677, 385.5148720741272]"
F252013,50,31,0.7,"[631.3636511874643, 449.79940962791443]"
F252013,50,31,0.8,"[631.3636511874643, 514.1273326873779]"
F252013,50,31,0.9,"[631.3636511874643, 578.3652398586273]"
F252013,50,31,1.0,"[631.3636511874643, 642.5698573589325]"
F252013,50,32,0.01,"[1116.9693444525042, 6.598564624786377]"
F252013,50,32,0.1,"[1054.194603166025, 64.46305441856384]"
F252013,50,32,0.2,"[980.3578824350807, 128.88760638237]"
F252013,50,32,0.3,"[980.3578824350807, 193.2856001853943]"
F252013,50,32,0.4,"[980.3578824350807, 257.69401144981384]"
F252013,50,32,0.5,"[958.8160940293178, 322.0456919670105]"
F252013,50,32,0.6,"[958.8160940293178, 386.60279750823975]"
F252013,50,32,0.7,"[958.8160940293178, 450.7909805774689]"
F252013,50,32,0.8,"[903.1797949746281, 515.0867540836334]"
F252013,50,32,0.9,"[903.1797949746281, 579.3079476356506]"
F252013,50,32,1.0,"[903.1797949746281, 643.5183742046356]"
F252013,50,33,0.01,"[1301.4493299603905, 7.358911037445068]"
F252013,50,33,0.1,"[1143.80788670014, 72.996413230896]"
F252013,50,33,0.2,"[1001.2893285508544, 145.94746232032776]"
F252013,50,33,0.3,"[953.8453876846252, 214.20059156417847]"
F252013,50,33,0.4,"[940.3088056355252, 278.47554564476013]"
F252013,50,33,0.5,"[862.5567426460395, 342.8204951286316]"
F252013,50,33,0.6,"[835.2750256515346, 407.05484676361084]"
F252013,50,33,0.7,"[811.0376398424696, 471.2574634552002]"
F252013,50,33,0.8,"[755.6158992909814, 535.4253401756287]"
F252013,50,33,0.9,"[755.6158992909814, 599.5714793205261]"
F252013,50,33,1.0,"[755.6158992909814, 663.6364421844482]"
F252013,50,34,0.01,"[1550.527263592684, 6.473200798034668]"
F252013,50,34,0.1,"[1380.556918825519, 64.24033379554749]"
F252013,50,34,0.2,"[1207.501957422577, 128.55118012428284]"
F252013,50,34,0.3,"[1145.7594050776256, 192.76497387886047]"
F252013,50,34,0.4,"[1038.9146847086035, 257.06365728378296]"
F252013,50,34,0.5,"[1020.6152076274416, 321.33290219306946]"
F252013,50,34,0.6,"[921.0792421936007, 385.7166316509247]"
F252013,50,34,0.7,"[921.0792421936007, 449.97151017189026]"
F252013,50,34,0.8,"[915.0143904739693, 514.302827835083]"
F252013,50,34,0.9,"[884.7333920589458, 578.5550336837769]"
F252013,50,34,1.0,"[848.7669099585341, 642.7991240024567]"
F252013,50,35,0.01,"[1110.6175103368778, 6.644785404205322]"
F252013,50,35,0.1,"[1024.1510872629506, 64.48556280136108]"
F252013,50,35,0.2,"[895.2208687774478, 128.84300065040588]"
F252013,50,35,0.3,"[869.6850227424209, 193.14261484146118]"
F252013,50,35,0.4,"[869.6850227424209, 257.552099943161]"
F252013,50,35,0.5,"[869.6850227424209, 321.8786292076111]"
F252013,50,35,0.6,"[851.2417437663748, 386.2774922847748]"
F252013,50,35,0.7,"[851.2417437663748, 450.6017143726349]"
F252013,50,35,0.8,"[783.5058306508545, 514.9249818325043]"
F252013,50,35,0.9,"[731.4053128510127, 579.1692998409271]"
F252013,50,35,1.0,"[721.8615520264298, 643.4854288101196]"
F252013,50,36,0.01,"[931.7523287113318, 6.490257024765015]"
F252013,50,36,0.1,"[884.2891588666544, 64.25256061553955]"
F252013,50,36,0.2,"[884.2891588666544, 128.49616765975952]"
F252013,50,36,0.3,"[884.2891588666544, 192.65479445457458]"
F252013,50,36,0.4,"[836.6914382563291, 256.9168577194214]"
F252013,50,36,0.5,"[799.588160457758, 321.0262327194214]"
F252013,50,36,0.6,"[799.588160457758, 385.20543384552]"
F252013,50,36,0.7,"[799.588160457758, 449.29475712776184]"
F252013,50,36,0.8,"[799.588160457758, 513.5012459754944]"
F252013,50,36,0.9,"[799.588160457758, 577.5586318969727]"
F252013,50,36,1.0,"[799.588160457758, 641.7271676063538]"
F252013,50,37,0.01,"[1413.5697642327154, 6.514665365219116]"
F252013,50,37,0.1,"[1225.5615744668503, 64.34869146347046]"
F252013,50,37,0.2,"[1179.8288803264313, 128.68285870552063]"
F252013,50,37,0.3,"[1037.3158679269304, 192.93909096717834]"
F252013,50,37,0.4,"[986.1523984081218, 257.2418386936188]"
F252013,50,37,0.5,"[924.3126605040252, 321.4578845500946]"
F252013,50,37,0.6,"[924.3126605040252, 385.73831510543823]"
F252013,50,37,0.7,"[924.3126605040252, 449.8889801502228]"
F252013,50,37,0.8,"[919.7016044310608, 514.1499452590942]"
F252013,50,37,0.9,"[919.7016044310608, 578.2969126701355]"
F252013,50,37,1.0,"[898.9492248324386, 642.5037488937378]"
F252013,50,38,0.01,"[1163.6940089617556, 6.631473779678345]"
F252013,50,38,0.1,"[1047.5620405142981, 64.30137801170349]"
F252013,50,38,0.2,"[969.8831942018928, 128.36157512664795]"
F252013,50,38,0.3,"[934.5037915076475, 192.30726885795593]"
F252013,50,38,0.4,"[934.5037915076475, 256.36447620391846]"
F252013,50,38,0.5,"[931.0285669427631, 320.3756833076477]"
F252013,50,38,0.6,"[867.5902642843787, 384.6513304710388]"
F252013,50,38,0.7,"[802.4170509968424, 448.8743121623993]"
F252013,50,38,0.8,"[802.4170509968424, 513.1650807857513]"
F252013,50,38,0.9,"[802.4170509968424, 577.315399646759]"
F252013,50,38,1.0,"[802.4170509968424, 641.4719123840332]"
F252013,50,39,0.01,"[1019.5685820388821, 6.504272699356079]"
F252013,50,39,0.1,"[1019.5685820388821, 63.982699155807495]"
F252013,50,39,0.2,"[889.6479473968257, 127.94020318984985]"
F252013,50,39,0.3,"[860.0722546248021, 191.8718020915985]"
F252013,50,39,0.4,"[860.0722546248021, 255.90971851348877]"
F252013,50,39,0.5,"[851.3476226520779, 319.8334307670593]"
F252013,50,39,0.6,"[851.3476226520779, 383.90767526626587]"
F252013,50,39,0.7,"[851.3476226520779, 447.9091694355011]"
F252013,50,39,0.8,"[851.3476226520779, 512.0359220504761]"
F252013,50,39,0.9,"[825.5005861407622, 576.04043841362]"
F252013,50,39,1.0,"[795.7614122077978, 639.9461271762848]"
F252013,50,40,0.01,"[1036.5575385868333, 6.4702064990997314]"
F252013,50,40,0.1,"[941.4812561547235, 64.07578730583191]"
F252013,50,40,0.2,"[897.2427723631254, 128.2005877494812]"
F252013,50,40,0.3,"[843.7209376983001, 192.17004251480103]"
F252013,50,40,0.4,"[843.7209376983001, 256.2555513381958]"
F252013,50,40,0.5,"[843.7209376983001, 320.2700514793396]"
F252013,50,40,0.6,"[843.7209376983001, 384.5807418823242]"
F252013,50,40,0.7,"[843.7209376983001, 448.58914589881897]"
F252013,50,40,0.8,"[843.7209376983001, 512.7206602096558]"
F252013,50,40,0.9,"[843.7209376983001, 576.7194395065308]"
F252013,50,40,1.0,"[843.7209376983001, 640.8676245212555]"
F252013,50,41,0.01,"[1871.9697647018706, 6.471248626708984]"
F252013,50,41,0.1,"[1498.2088037561357, 64.15002512931824]"
F252013,50,41,0.2,"[1448.695631241782, 128.26135110855103]"
F252013,50,41,0.3,"[1296.077021011236, 192.29480910301208]"
F252013,50,41,0.4,"[1165.4973318795182, 256.3491361141205]"
F252013,50,41,0.5,"[1110.1821881467868, 320.3287010192871]"
F252013,50,41,0.6,"[1004.8613002823517, 384.42489981651306]"
F252013,50,41,0.7,"[986.0503225571224, 448.4488844871521]"
F252013,50,41,0.8,"[986.0503225571224, 512.5516352653503]"
F252013,50,41,0.9,"[977.0162459505623, 576.4717748165131]"
F252013,50,41,1.0,"[913.4764567192531, 640.4439499378204]"
F252013,50,42,0.01,"[1187.704340396067, 6.566399574279785]"
F252013,50,42,0.1,"[1003.1720118228832, 64.26621985435486]"
F252013,50,42,0.2,"[886.0459299722206, 128.46554708480835]"
F252013,50,42,0.3,"[886.0459299722206, 192.66115045547485]"
F252013,50,42,0.4,"[839.6216515548817, 256.9875259399414]"
F252013,50,42,0.5,"[830.6298594321966, 321.27557492256165]"
F252013,50,42,0.6,"[830.6298594321966, 386.2599849700928]"
F252013,50,42,0.7,"[790.9967326039716, 450.3688361644745]"
F252013,50,42,0.8,"[790.9967326039716, 514.6217997074127]"
F252013,50,42,0.9,"[710.4129445816427, 578.8132500648499]"
F252013,50,42,1.0,"[691.1578243016008, 642.8938310146332]"
F252013,50,43,0.01,"[1263.769069869587, 6.608583688735962]"
F252013,50,43,0.1,"[1202.9202139815557, 64.25964450836182]"
F252013,50,43,0.2,"[1041.4451070399878, 128.33963131904602]"
F252013,50,43,0.3,"[1010.7944006493117, 192.3453254699707]"
F252013,50,43,0.4,"[1010.0185381536912, 256.36711835861206]"
F252013,50,43,0.5,"[968.3025729766214, 320.30820965766907]"
F252013,50,43,0.6,"[841.8872138318147, 384.3133943080902]"
F252013,50,43,0.7,"[835.8556151700063, 448.2574985027313]"
F252013,50,43,0.8,"[808.5150596568697, 512.3866863250732]"
F252013,50,43,0.9,"[748.4184697238488, 576.4122648239136]"
F252013,50,43,1.0,"[748.4184697238488, 640.5365631580353]"
F252013,50,44,0.01,"[1487.5888168838746, 6.448868274688721]"
F252013,50,44,0.1,"[1389.9032015504163, 63.820796489715576]"
F252013,50,44,0.2,"[1234.481199065729, 127.67095923423767]"
F252013,50,44,0.3,"[1115.5475850550401, 191.3923692703247]"
F252013,50,44,0.4,"[986.5555125758488, 255.15462398529053]"
F252013,50,44,0.5,"[948.1391570768856, 318.82175064086914]"
F252013,50,44,0.6,"[883.9124181390935, 382.581725358963]"
F252013,50,44,0.7,"[818.5322440688972, 446.38071846961975]"
F252013,50,44,0.8,"[798.3289548192513, 510.204487323761]"
F252013,50,44,0.9,"[785.3256044265693, 574.0416295528412]"
F252013,50,44,1.0,"[785.3256044265693, 637.7783713340759]"
F252013,50,45,0.01,"[1212.6179425781675, 6.518078327178955]"
F252013,50,45,0.1,"[1138.6264333270083, 64.2274386882782]"
F252013,50,45,0.2,"[951.168104682255, 128.50222325325012]"
F252013,50,45,0.3,"[899.9044993264979, 192.68196558952332]"
F252013,50,45,0.4,"[829.9119983114426, 256.9092364311218]"
F252013,50,45,0.5,"[829.9119983114426, 321.1000063419342]"
F252013,50,45,0.6,"[829.9119983114426, 386.24997067451477]"
F252013,50,45,0.7,"[829.9119983114426, 450.4842026233673]"
F252013,50,45,0.8,"[829.9119983114426, 514.814489364624]"
F252013,50,45,0.9,"[829.9119983114426, 579.0177428722382]"
F252013,50,45,1.0,"[829.9119983114426, 643.3542714118958]"
F252013,50,46,0.01,"[1679.3950724942888, 6.586240768432617]"
F252013,50,46,0.1,"[1476.1154939551325, 64.31897187232971]"
F252013,50,46,0.2,"[1209.5988408435396, 128.57420873641968]"
F252013,50,46,0.3,"[1113.4143736440615, 192.60705256462097]"
F252013,50,46,0.4,"[998.2950626163374, 256.72565174102783]"
F252013,50,46,0.5,"[903.5146071542654, 320.7609477043152]"
F252013,50,46,0.6,"[903.5146071542654, 384.8493723869324]"
F252013,50,46,0.7,"[903.5146071542654, 448.86494874954224]"
F252013,50,46,0.8,"[861.1445874537644, 512.9573323726654]"
F252013,50,46,0.9,"[854.1581381017729, 577.015531539917]"
F252013,50,46,1.0,"[854.1581381017729, 641.1014924049377]"
F252013,50,47,0.01,"[933.8664470254041, 6.508152723312378]"
F252013,50,47,0.1,"[801.1529241905132, 64.171213388443]"
F252013,50,47,0.2,"[781.459010321619, 128.26247692108154]"
F252013,50,47,0.3,"[772.3566220310345, 192.3699758052826]"
F252013,50,47,0.4,"[689.4029511174731, 256.4927182197571]"
F252013,50,47,0.5,"[671.445211255274, 323.6735746860504]"
F252013,50,47,0.6,"[671.445211255274, 390.4509494304657]"
F252013,50,47,0.7,"[640.4550240118233, 454.6470112800598]"
F252013,50,47,0.8,"[620.4507996684611, 518.9281327724457]"
F252013,50,47,0.9,"[601.7306576669346, 583.0864379405975]"
F252013,50,47,1.0,"[601.7306576669346, 647.298202753067]"
F252013,50,48,0.01,"[1047.2016159874902, 6.431839942932129]"
F252013,50,48,0.1,"[936.9553861718316, 63.6920371055603]"
F252013,50,48,0.2,"[807.592542621335, 127.3335497379303]"
F252013,50,48,0.3,"[789.8677725289231, 190.95970582962036]"
F252013,50,48,0.4,"[767.180445271631, 254.75757765769958]"
F252013,50,48,0.5,"[735.7251366688247, 318.5634765625]"
F252013,50,48,0.6,"[735.7251366688247, 382.3622372150421]"
F252013,50,48,0.7,"[735.7251366688247, 446.0294473171234]"
F252013,50,48,0.8,"[715.8257201298966, 509.8056049346924]"
F252013,50,48,0.9,"[711.9568215932022, 573.3826661109924]"
F252013,50,48,1.0,"[711.9568215932022, 637.1291282176971]"
F252013,50,49,0.01,"[1346.3968161849975, 6.4702582359313965]"
F252013,50,49,0.1,"[1258.9334019569633, 64.0298273563385]"
F252013,50,49,0.2,"[1232.7116497615134, 131.73571038246155]"
F252013,50,49,0.3,"[1155.801457620376, 196.90687561035156]"
F252013,50,49,0.4,"[1007.6296098022331, 269.50433373451233]"
F252013,50,49,0.5,"[952.012716302133, 342.1391167640686]"
F252013,50,49,0.6,"[919.8452015555326, 414.86016297340393]"
F252013,50,49,0.7,"[898.054409709543, 487.4956316947937]"
F252013,50,49,0.8,"[898.054409709543, 560.2155756950378]"
F252013,50,49,0.9,"[898.054409709543, 632.8324127197266]"
F252013,50,49,1.0,"[898.054409709543, 705.5249626636505]"
F252013,50,50,0.01,"[913.8178916526858, 6.545051574707031]"
F252013,50,50,0.1,"[913.8178916526858, 66.92316174507141]"
F252013,50,50,0.2,"[876.9956082746762, 130.7333779335022]"
F252013,50,50,0.3,"[856.8873098956378, 194.47975540161133]"
F252013,50,50,0.4,"[856.8873098956378, 258.36979031562805]"
F252013,50,50,0.5,"[843.2199612381337, 322.2471568584442]"
F252013,50,50,0.6,"[843.2199612381337, 386.1587347984314]"
F252013,50,50,0.7,"[843.2199612381337, 449.8537790775299]"
F252013,50,50,0.8,"[843.2199612381337, 513.7067048549652]"
F252013,50,50,0.9,"[843.2199612381337, 577.3379545211792]"
F252013,50,50,1.0,"[843.2199612381337, 641.0422914028168]"
